["port 1","LEFT"]
["port 3","RIGHT"]
["port 2","RIGHT"]
["port 4","LEFT"]
("port 1","mode 1",1,"port 1",1,"transmission")
(50, 3)
1.9034441777777775e+14 1.3828693503296038e-03 1.9179830624445326e+00
1.9048016651970953e+14 1.2932423670936975e-03 3.6267630200808947e+00
1.9061610902484916e+14 1.3753164211714624e-03 5.3312878219718023e+00
1.9075224570834953e+14 1.4223085014327397e-03 7.0584918697025767e+00
1.9088857698655056e+14 1.5924418319944531e-03 8.7737699006094356e+00
1.9102510327698309e+14 1.6229973655879774e-03 1.0736375380644116e+01
1.9116182499837331e+14 1.2851174844428481e-03 1.2612465236714295e+01
1.9129874257064719e+14 1.0203987687611908e-03 1.4233203690932577e+01
1.9143585641493450e+14 7.8968127098612252e-04 1.5665809304486864e+01
1.9157316695357328e+14 1.1434233263576373e-03 1.7171261649744562e+01
1.9171067461011416e+14 1.2644128684311516e-03 1.9052567021532415e+01
1.9184837980932478e+14 1.1076858725807940e-03 2.0821337769359914e+01
1.9198628297719400e+14 1.0745822938140433e-03 2.2556600040477264e+01
1.9212438454093644e+14 8.4004753738270834e-04 2.4076591326168085e+01
1.9226268492899678e+14 1.1167910089641565e-03 2.5517456158803341e+01
1.9240118457105434e+14 1.4317000634911775e-03 2.7371937095846601e+01
1.9253988389802738e+14 1.4522081845006977e-03 2.9258796186669077e+01
1.9267878334207766e+14 1.3240959284047651e-03 3.1033823982819850e+01
1.9281788333661481e+14 1.3390722098063140e-03 3.2681435587413233e+01
1.9295718431630106e+14 1.5259016488434916e-03 3.4418028284621755e+01
1.9309668671705553e+14 1.5083105242559586e-03 3.6317654278436926e+01
1.9323639097605891e+14 1.3373277032113515e-03 3.7999231284560821e+01
1.9337629753175803e+14 1.4036613067319556e-03 3.9646899675618918e+01
1.9351640682387038e+14 1.5813679473615891e-03 4.1418429949948489e+01
1.9365671929338869e+14 1.6549895681887640e-03 4.3226937516959069e+01
1.9379723538258572e+14 1.6030729584757639e-03 4.5105597975348495e+01
1.9393795553501878e+14 1.3692341281281429e-03 4.6885727285030399e+01
1.9407888019553441e+14 1.2154409420914735e-03 4.8446699589514530e+01
1.9422000981027303e+14 1.3841164832788745e-03 4.9971054240940468e+01
1.9436134482667369e+14 2.0771818623454641e-03 5.1707932689743373e+01
1.9450288569347897e+14 2.5770341678030659e-03 5.3926430253681289e+01
1.9464463286073938e+14 1.6387053908102059e-03 5.5949518007044432e+01
1.9478658677981834e+14 1.3453265618070059e-03 5.7471139485242595e+01
1.9492874790339700e+14 1.3946753060281529e-03 5.8946705056472695e+01
1.9507111668547903e+14 1.9348318126188428e-03 6.0710891404290372e+01
1.9521369358139534e+14 2.4339498976038514e-03 6.2675538558185728e+01
1.9535647904780900e+14 2.0196197226482670e-03 6.4652134732614357e+01
1.9549947354272025e+14 1.8784685079607235e-03 6.6550380855369298e+01
1.9564267752547112e+14 1.7578640388423495e-03 6.8182768513099802e+01
1.9578609145675062e+14 1.6981987756924763e-03 6.9985481541716524e+01
1.9592971579859950e+14 1.7345329832587305e-03 7.1885783887903074e+01
1.9607355101441538e+14 1.5696865480900664e-03 7.3594454087925158e+01
1.9621759756895744e+14 1.4626396265784299e-03 7.5254469314469077e+01
1.9636185592835181e+14 1.7935992579230565e-03 7.7074157087019515e+01
1.9650632656009628e+14 1.6439265656543413e-03 7.9098558771643241e+01
1.9665100993306559e+14 1.1653036554957871e-03 8.0598352335458500e+01
1.9679590651751625e+14 1.4935713825287150e-03 8.2164928685276692e+01
1.9694101678509184e+14 1.8914288373964180e-03 8.3827184724006614e+01
1.9708634120882806e+14 3.1906944350852313e-03 8.5851937730725382e+01
1.9723188026315788e+14 2.5373054600335322e-03 8.8248170795574339e+01
("port 1","mode 1",1,"port 4",1,"transmission")
(50, 3)
1.9034441777777775e+14 1.3194863257236082e-03 2.1367907721002104e+00
1.9048016651970953e+14 1.2132486252867340e-03 3.9178724505735043e+00
1.9061610902484916e+14 1.0115494399441491e-03 5.5319888201020317e+00
1.9075224570834953e+14 1.1177444431730726e-03 7.1236559478038508e+00
1.9088857698655056e+14 1.1964278462994020e-03 8.8285306015925062e+00
1.9102510327698309e+14 1.2305677540698468e-03 1.0616259316875599e+01
1.9116182499837331e+14 1.0184697553671052e-03 1.2490546781187602e+01
1.9129874257064719e+14 7.3458118084626114e-04 1.3904660340570185e+01
1.9143585641493450e+14 9.2660322155961703e-04 1.5247784581955093e+01
1.9157316695357328e+14 1.2965294913923466e-03 1.7001881511450343e+01
1.9171067461011416e+14 1.4859872521738506e-03 1.8841330677592115e+01
1.9184837980932478e+14 1.4033520080809448e-03 2.0771476214399005e+01
1.9198628297719400e+14 1.2666091407978163e-03 2.2539145523492241e+01
1.9212438454093644e+14 1.1278201327570994e-03 2.4153935353680254e+01
1.9226268492899678e+14 1.1668185874136434e-03 2.5702318542558597e+01
1.9240118457105434e+14 1.4630658785590386e-03 2.7458067434390706e+01
1.9253988389802738e+14 1.4880000371807025e-03 2.9405126884573900e+01
1.9267878334207766e+14 1.2389684129862136e-03 3.1123628221423473e+01
1.9281788333661481e+14 1.2888138675691933e-03 3.2725757903897090e+01
1.9295718431630106e+14 1.4050762891144324e-03 3.4466291379470732e+01
1.9309668671705553e+14 1.4221899589732388e-03 3.6312487792459891e+01
1.9323639097605891e+14 1.2957890342436826e-03 3.8000905124939869e+01
1.9337629753175803e+14 1.3339715012571126e-03 3.9625173656123572e+01
1.9351640682387038e+14 1.5615879628484946e-03 4.1392826006730246e+01
1.9365671929338869e+14 1.6396685761650902e-03 4.3220064829515756e+01
1.9379723538258572e+14 1.5736488267242875e-03 4.5091645598916131e+01
1.9393795553501878e+14 1.3666731294399805e-03 4.6874376278867253e+01
1.9407888019553441e+14 1.2122786126387607e-03 4.8445889151640998e+01
1.9422000981027303e+14 1.3713130598490694e-03 4.9954993310540793e+01
1.9436134482667369e+14 2.0713438433224017e-03 5.1703721528139504e+01
1.9450288569347897e+14 2.5667641818368082e-03 5.3931689403976790e+01
1.9464463286073938e+14 1.6128506932603578e-03 5.5942469096953609e+01
1.9478658677981834e+14 1.3313624084835098e-03 5.7461455804777856e+01
1.9492874790339700e+14 1.3561137031143484e-03 5.8945575083424025e+01
1.9507111668547903e+14 1.9243716336003139e-03 6.0689348049651379e+01
1.9521369358139534e+14 2.4302721892804752e-03 6.2663869826165509e+01
1.9535647904780900e+14 1.9600553035315784e-03 6.4634431009778353e+01
1.9549947354272025e+14 1.8765263406992187e-03 6.6512583196805949e+01
1.9564267752547112e+14 1.7777316719422601e-03 6.8161507909223474e+01
1.9578609145675062e+14 1.6982288963812669e-03 6.9916888955162989e+01
1.9592971579859950e+14 1.8240236061815461e-03 7.1846203506165125e+01
1.9607355101441538e+14 1.6225955753051532e-03 7.3582937040304557e+01
1.9621759756895744e+14 1.6306028957042014e-03 7.5206189842090524e+01
1.9636185592835181e+14 1.9383662660306118e-03 7.7112195591610373e+01
1.9650632656009628e+14 1.7184270778489448e-03 7.9098306182140803e+01
1.9665100993306559e+14 1.3813030509016162e-03 8.0716043886984693e+01
1.9679590651751625e+14 1.4726010192620609e-03 8.2293055438156017e+01
1.9694101678509184e+14 1.9497341584744114e-03 8.3901207221170623e+01
1.9708634120882806e+14 3.1026842678968411e-03 8.5953816390035044e+01
1.9723188026315788e+14 2.4787437516820012e-03 8.8317784370453126e+01
("port 1","mode 1",1,"port 2",1,"transmission")
(50, 3)
1.9034441777777775e+14 6.8621055417875931e-01 1.4425815860276492e+00
1.9048016651970953e+14 6.8493896928908271e-01 2.4995321385322988e+00
1.9061610902484916e+14 6.8401587529907604e-01 3.5571625758397416e+00
1.9075224570834953e+14 6.8362252800808210e-01 4.6163124084759311e+00
1.9088857698655056e+14 6.8342379305864454e-01 5.6778647302880714e+00
1.9102510327698309e+14 6.8272902852666151e-01 6.7416597577301101e+00
1.9116182499837331e+14 6.8125293264769837e-01 7.8059393736781431e+00
1.9129874257064719e+14 6.8032453814122018e-01 8.8712120219025117e+00
1.9143585641493450e+14 6.7966135262029526e-01 9.9378727810040530e+00
1.9157316695357328e+14 6.7945964103985312e-01 1.1006516529490995e+01
1.9171067461011416e+14 6.7890329008126538e-01 1.2077904392212409e+01
1.9184837980932478e+14 6.7748414202411888e-01 1.3150175720446141e+01
1.9198628297719400e+14 6.7636286811740476e-01 1.4223128304553136e+01
1.9212438454093644e+14 6.7543109895798736e-01 1.5297626245689333e+01
1.9226268492899678e+14 6.7496958397031448e-01 1.6373607993504848e+01
1.9240118457105434e+14 6.7449944924245520e-01 1.7452195952160402e+01
1.9253988389802738e+14 6.7320730913559923e-01 1.8532550407710126e+01
1.9267878334207766e+14 6.7190281888965320e-01 1.9613066385765471e+01
1.9281788333661481e+14 6.7121080303329705e-01 2.0695271372365823e+01
1.9295718431630106e+14 6.7053739463628126e-01 2.1779682172008904e+01
1.9309668671705553e+14 6.6948757854887153e-01 2.2865916022769351e+01
1.9323639097605891e+14 6.6818883846517041e-01 2.3953076368705077e+01
1.9337629753175803e+14 6.6713772935981919e-01 2.5041514883573264e+01
1.9351640682387038e+14 6.6651333783318067e-01 2.6131606705214928e+01
1.9365671929338869e+14 6.6584984328956687e-01 2.7224260577752425e+01
1.9379723538258572e+14 6.6435024045683444e-01 2.8318574562557906e+01
1.9393795553501878e+14 6.6282391025603071e-01 2.9413245817881752e+01
1.9407888019553441e+14 6.6177280385779569e-01 3.0509273678324984e+01
1.9422000981027303e+14 6.6108857315530334e-01 3.1607173151322133e+01
1.9436134482667369e+14 6.6069653496704017e-01 3.2707360949464857e+01
1.9450288569347897e+14 6.5912065904205075e-01 3.3810791205287785e+01
1.9464463286073938e+14 6.5718306488747746e-01 3.4912730871976535e+01
1.9478658677981834e+14 6.5616502849980418e-01 3.6016727833001177e+01
1.9492874790339700e+14 6.5523827722876637e-01 3.7122747575454916e+01
1.9507111668547903e+14 6.5457846981108081e-01 3.8230481048327775e+01
1.9521369358139534e+14 6.5356099562430636e-01 3.9341233487287603e+01
1.9535647904780900e+14 6.5139333290232360e-01 4.0452531440584323e+01
1.9549947354272025e+14 6.5003742566571532e-01 4.1563806391800682e+01
1.9564267752547112e+14 6.4942346210561808e-01 4.2678017822791418e+01
1.9578609145675062e+14 6.4830755445784660e-01 4.3794938577658520e+01
1.9592971579859950e+14 6.4630560734125164e-01 4.4912251265093090e+01
1.9607355101441538e+14 6.4524508645226630e-01 4.6030767844512766e+01
1.9621759756895744e+14 6.4431212860529785e-01 4.7151632120826704e+01
1.9636185592835181e+14 6.4298980891633861e-01 4.8274605268893623e+01
1.9650632656009628e+14 6.4140487664293655e-01 4.9398876265558677e+01
1.9665100993306559e+14 6.3960934067991937e-01 5.0524284068270916e+01
1.9679590651751625e+14 6.3835671717620168e-01 5.1650545084640264e+01
1.9694101678509184e+14 6.3759986730914897e-01 5.2779364133926457e+01
1.9708634120882806e+14 6.3659168273641975e-01 5.3911174758608247e+01
1.9723188026315788e+14 6.3415465513979885e-01 5.5043655531848515e+01
("port 1","mode 1",1,"port 3",1,"transmission")
(50, 3)
1.9034441777777775e+14 6.8382124125573751e-01 3.0753651953254488e+00
1.9048016651970953e+14 6.8428214652991648e-01 4.1330538410287438e+00
1.9061610902484916e+14 6.8452536629074856e-01 5.1917741220735483e+00
1.9075224570834953e+14 6.8449452532573640e-01 6.2516066783733839e+00
1.9088857698655056e+14 6.8485421043188310e-01 7.3122220733451684e+00
1.9102510327698309e+14 6.8622281523297701e-01 8.3749843499371721e+00
1.9116182499837331e+14 6.8665488226884952e-01 9.4409565345466575e+00
1.9129874257064719e+14 6.8642535188553189e-01 1.0507205925743220e+01
1.9143585641493450e+14 6.8664630394113324e-01 1.1574578734746369e+01
1.9157316695357328e+14 6.8684231870053369e-01 1.2643311216741299e+01
1.9171067461011416e+14 6.8758943867150857e-01 1.3713466355083019e+01
1.9184837980932478e+14 6.8852974311563475e-01 1.4786492583084332e+01
1.9198628297719400e+14 6.8856696054960820e-01 1.5861167900936712e+01
1.9212438454093644e+14 6.8832031175331543e-01 1.6936560319032459e+01
1.9226268492899678e+14 6.8852355651636477e-01 1.8012934816667499e+01
1.9240118457105434e+14 6.8916675048789100e-01 1.9091188778488590e+01
1.9253988389802738e+14 6.8977886920703968e-01 2.0171683436746786e+01
1.9267878334207766e+14 6.8986653223155747e-01 2.1253976136123370e+01
1.9281788333661481e+14 6.8979930941542078e-01 2.2337211853487979e+01
1.9295718431630106e+14 6.8997574732831235e-01 2.3421583860417762e+01
1.9309668671705553e+14 6.9062900381097980e-01 2.4508130851646470e+01
1.9323639097605891e+14 6.9075487372660849e-01 2.5596832075088869e+01
1.9337629753175803e+14 6.9051804167079511e-01 2.6686569845401852e+01
1.9351640682387038e+14 6.9046493560827948e-01 2.7777257456665225e+01
1.9365671929338869e+14 6.9102719390292822e-01 2.8869618725925278e+01
1.9379723538258572e+14 6.9158642609541932e-01 2.9964705639079661e+01
1.9393795553501878e+14 6.9140524745574206e-01 3.1061430372344528e+01
1.9407888019553441e+14 6.9104273432646801e-01 3.2159118505378416e+01
1.9422000981027303e+14 6.9076966331198486e-01 3.3257896506423378e+01
1.9436134482667369e+14 6.9092205585446143e-01 3.4357699596357136e+01
1.9450288569347897e+14 6.9226957202617334e-01 3.5460653455035903e+01
1.9464463286073938e+14 6.9161577651903750e-01 3.6566069401692545e+01
1.9478658677981834e+14 6.9111685803020273e-01 3.7671668145625027e+01
1.9492874790339700e+14 6.9088453911659309e-01 3.8778611197863022e+01
1.9507111668547903e+14 6.9077970953949297e-01 3.9886888101998281e+01
1.9521369358139534e+14 6.9150571404090577e-01 4.0997195911223265e+01
1.9535647904780900e+14 6.9157756741894783e-01 4.2110695999631822e+01
1.9549947354272025e+14 6.9069708267909746e-01 4.3224869861523302e+01
1.9564267752547112e+14 6.9045897676640489e-01 4.4339618629966509e+01
1.9578609145675062e+14 6.9082120574010797e-01 4.5456376400515389e+01
1.9592971579859950e+14 6.9077248000329128e-01 4.6576182100472721e+01
1.9607355101441538e+14 6.9019438663097588e-01 4.7696592267169741e+01
1.9621759756895744e+14 6.8980395889743851e-01 4.8818008295076879e+01
1.9636185592835181e+14 6.9021421966274965e-01 4.9941617454663280e+01
1.9650632656009628e+14 6.9019737353440413e-01 5.1067745888818123e+01
1.9665100993306559e+14 6.8952930921367750e-01 5.2195242157322838e+01
1.9679590651751625e+14 6.8894887512250236e-01 5.3323810925387413e+01
1.9694101678509184e+14 6.8852664696100174e-01 5.4453896364854003e+01
1.9708634120882806e+14 6.8863659028650437e-01 5.5584869780770759e+01
1.9723188026315788e+14 6.8905205311322304e-01 5.6720075168818852e+01
("port 4","mode 1",1,"port 1",1,"transmission")
(50, 3)
1.9034441777777775e+14 1.3194864597972067e-03 2.1367907207745498e+00
1.9048016651970953e+14 1.2132487080752910e-03 3.9178723963286166e+00
1.9061610902484916e+14 1.0115495566100786e-03 5.5319887500133582e+00
1.9075224570834953e+14 1.1177446369663366e-03 7.1236559558954990e+00
1.9088857698655056e+14 1.1964279977635180e-03 8.8285306985648297e+00
1.9102510327698309e+14 1.2305677771316951e-03 1.0616259378498548e+01
1.9116182499837331e+14 1.0184698613561083e-03 1.2490546855793383e+01
1.9129874257064719e+14 7.3458121243847078e-04 1.3904660516268939e+01
1.9143585641493450e+14 9.2660315644380639e-04 1.5247784691541266e+01
1.9157316695357328e+14 1.2965294241487184e-03 1.7001881622321431e+01
1.9171067461011416e+14 1.4859870927315436e-03 1.8841330726741877e+01
1.9184837980932478e+14 1.4033519200565730e-03 2.0771476211860584e+01
1.9198628297719400e+14 1.2666090935013548e-03 2.2539145587785473e+01
1.9212438454093644e+14 1.1278199959773557e-03 2.4153935381651809e+01
1.9226268492899678e+14 1.1668184483179423e-03 2.5702318490041222e+01
1.9240118457105434e+14 1.4630658235236988e-03 2.7458067396786277e+01
1.9253988389802738e+14 1.4879999520700366e-03 2.9405126863308862e+01
1.9267878334207766e+14 1.2389683113529744e-03 3.1123628169936669e+01
1.9281788333661481e+14 1.2888138508198174e-03 3.2725757836249770e+01
1.9295718431630106e+14 1.4050762801462730e-03 3.4466291342063904e+01
1.9309668671705553e+14 1.4221899287397146e-03 3.6312487743350317e+01
1.9323639097605891e+14 1.2957890760761336e-03 3.8000905071130170e+01
1.9337629753175803e+14 1.3339715390788627e-03 3.9625173651526815e+01
1.9351640682387038e+14 1.5615879973877203e-03 4.1392825996534910e+01
1.9365671929338869e+14 1.6396686325181238e-03 4.3220064836015567e+01
1.9379723538258572e+14 1.5736488383584636e-03 4.5091645612260471e+01
1.9393795553501878e+14 1.3666731560201617e-03 4.6874376286314359e+01
1.9407888019553441e+14 1.2122786627029179e-03 4.8445889193059912e+01
1.9422000981027303e+14 1.3713130307055781e-03 4.9954993366537096e+01
1.9436134482667369e+14 2.0713438032157572e-03 5.1703721573979912e+01
1.9450288569347897e+14 2.5667641660823627e-03 5.3931689421142671e+01
1.9464463286073938e+14 1.6128506600423035e-03 5.5942469149062973e+01
1.9478658677981834e+14 1.3313623858727214e-03 5.7461455860719759e+01
1.9492874790339700e+14 1.3561136425137392e-03 5.8945575136206784e+01
1.9507111668547903e+14 1.9243714510320676e-03 6.0689348075536110e+01
1.9521369358139534e+14 2.4302720784025581e-03 6.2663869833566842e+01
1.9535647904780900e+14 1.9600552057788523e-03 6.4634431045760110e+01
1.9549947354272025e+14 1.8765261109756012e-03 6.6512583196488876e+01
1.9564267752547112e+14 1.7777315635790216e-03 6.8161507886527716e+01
1.9578609145675062e+14 1.6982287531692941e-03 6.9916888931461145e+01
1.9592971579859950e+14 1.8240234257719311e-03 7.1846203425746126e+01
1.9607355101441538e+14 1.6225955089673493e-03 7.3582936979514230e+01
1.9621759756895744e+14 1.6306028525691072e-03 7.5206189743513548e+01
1.9636185592835181e+14 1.9383662456089552e-03 7.7112195494701268e+01
1.9650632656009628e+14 1.7184270747368285e-03 7.9098306103680912e+01
1.9665100993306559e+14 1.3813031653333017e-03 8.0716043777303113e+01
1.9679590651751625e+14 1.4726011386801277e-03 8.2293055431902587e+01
1.9694101678509184e+14 1.9497342765168884e-03 8.3901207201878293e+01
1.9708634120882806e+14 3.1026844438081227e-03 8.5953816390343860e+01
1.9723188026315788e+14 2.4787438969730981e-03 8.8317784377741617e+01
("port 4","mode 1",1,"port 4",1,"transmission")
(50, 3)
1.9034441777777775e+14 1.3828692276948882e-03 1.9179798401000678e+00
1.9048016651970953e+14 1.2932422223827669e-03 3.6267597481399072e+00
1.9061610902484916e+14 1.3753163446968016e-03 5.3312845318004909e+00
1.9075224570834953e+14 1.4223083793057933e-03 7.0584885727651763e+00
1.9088857698655056e+14 1.5924417449131572e-03 8.7737665102532780e+00
1.9102510327698309e+14 1.6229973787599088e-03 1.0736372065894740e+01
1.9116182499837331e+14 1.2851174657233341e-03 1.2612461895831721e+01
1.9129874257064719e+14 1.0203988193868035e-03 1.4233200217226578e+01
1.9143585641493450e+14 7.8968145556653185e-04 1.5665806047129376e+01
1.9157316695357328e+14 1.1434234549936842e-03 1.7171258449287517e+01
1.9171067461011416e+14 1.2644131015312108e-03 1.9052563826356884e+01
1.9184837980932478e+14 1.1076859428112112e-03 2.0821334703868441e+01
1.9198628297719400e+14 1.0745823231461619e-03 2.2556596931567245e+01
1.9212438454093644e+14 8.4004757203070071e-04 2.4076588355913593e+01
1.9226268492899678e+14 1.1167907495856465e-03 2.5517453087020641e+01
1.9240118457105434e+14 1.4316998275211705e-03 2.7371933896701179e+01
1.9253988389802738e+14 1.4522079960013088e-03 2.9258792974205587e+01
1.9267878334207766e+14 1.3240956619372480e-03 3.1033820785066499e+01
1.9281788333661481e+14 1.3390719783789315e-03 3.2681432287337877e+01
1.9295718431630106e+14 1.5259014971397116e-03 3.4418024930402630e+01
1.9309668671705553e+14 1.5083103721103546e-03 3.6317650988898869e+01
1.9323639097605891e+14 1.3373275727451696e-03 3.7999227937821217e+01
1.9337629753175803e+14 1.4036612968060956e-03 3.9646896313763044e+01
1.9351640682387038e+14 1.5813679285146137e-03 4.1418426663867798e+01
1.9365671929338869e+14 1.6549895032055974e-03 4.3226934200915380e+01
1.9379723538258572e+14 1.6030729686273054e-03 4.5105594683550805e+01
1.9393795553501878e+14 1.3692340894802385e-03 4.6885724002248359e+01
1.9407888019553441e+14 1.2154409220826257e-03 4.8446696259875971e+01
1.9422000981027303e+14 1.3841165319436748e-03 4.9971050954292764e+01
1.9436134482667369e+14 2.0771818285047934e-03 5.1707929442232363e+01
1.9450288569347897e+14 2.5770340823836470e-03 5.3926426937232925e+01
1.9464463286073938e+14 1.6387054555657527e-03 5.5949514671431260e+01
1.9478658677981834e+14 1.3453266460872805e-03 5.7471136215642474e+01
1.9492874790339700e+14 1.3946753775145159e-03 5.8946701800051983e+01
1.9507111668547903e+14 1.9348319449018446e-03 6.0710888153840607e+01
1.9521369358139534e+14 2.4339500016109425e-03 6.2675535339072866e+01
1.9535647904780900e+14 2.0196197999821607e-03 6.4652131518468124e+01
1.9549947354272025e+14 1.8784686771649106e-03 6.6550377663037679e+01
1.9564267752547112e+14 1.7578640624414102e-03 6.8182765378052650e+01
1.9578609145675062e+14 1.6981986880168713e-03 6.9985478403926663e+01
1.9592971579859950e+14 1.7345329817079075e-03 7.1885780763364593e+01
1.9607355101441538e+14 1.5696863737065219e-03 7.3594450980332041e+01
1.9621759756895744e+14 1.4626393239641241e-03 7.5254466083956089e+01
1.9636185592835181e+14 1.7935990605495908e-03 7.7074153868830777e+01
1.9650632656009628e+14 1.6439262181419331e-03 7.9098555564642851e+01
1.9665100993306559e+14 1.1653034204001883e-03 8.0598348857990032e+01
1.9679590651751625e+14 1.4935713166754699e-03 8.2164925248930714e+01
1.9694101678509184e+14 1.8914288512037589e-03 8.3827181295270236e+01
1.9708634120882806e+14 3.1906945786815935e-03 8.5851934384471789e+01
1.9723188026315788e+14 2.5373054936848453e-03 8.8248167427095311e+01
("port 4","mode 1",1,"port 2",1,"transmission")
(50, 3)
1.9034441777777775e+14 6.8382123269890815e-01 3.0753651953243848e+00
1.9048016651970953e+14 6.8428213796657544e-01 4.1330538410832407e+00
1.9061610902484916e+14 6.8452535769100376e-01 5.1917741220618057e+00
1.9075224570834953e+14 6.8449451676269379e-01 6.2516066784429878e+00
1.9088857698655056e+14 6.8485420175859335e-01 7.3122220734006014e+00
1.9102510327698309e+14 6.8622280662628832e-01 8.3749843499018404e+00
1.9116182499837331e+14 6.8665487369419731e-01 9.4409565346291373e+00
1.9129874257064719e+14 6.8642534321400972e-01 1.0507205925892404e+01
1.9143585641493450e+14 6.8664629525095344e-01 1.1574578734660236e+01
1.9157316695357328e+14 6.8684231018482600e-01 1.2643311216721651e+01
1.9171067461011416e+14 6.8758943000686512e-01 1.3713466355397463e+01
1.9184837980932478e+14 6.8852973428386544e-01 1.4786492583034271e+01
1.9198628297719400e+14 6.8856695193083184e-01 1.5861167900812140e+01
1.9212438454093644e+14 6.8832030318685800e-01 1.6936560319210855e+01
1.9226268492899678e+14 6.8852354773612412e-01 1.8012934816864352e+01
1.9240118457105434e+14 6.8916674171917081e-01 1.9091188778457347e+01
1.9253988389802738e+14 6.8977886057103621e-01 2.0171683436707241e+01
1.9267878334207766e+14 6.8986652353627065e-01 2.1253976136330557e+01
1.9281788333661481e+14 6.8979930064694506e-01 2.2337211853569404e+01
1.9295718431630106e+14 6.8997573854640970e-01 2.3421583860402240e+01
1.9309668671705553e+14 6.9062899517172527e-01 2.4508130851688371e+01
1.9323639097605891e+14 6.9075486499152006e-01 2.5596832075200808e+01
1.9337629753175803e+14 6.9051803287249447e-01 2.6686569845506437e+01
1.9351640682387038e+14 6.9046492687784722e-01 2.7777257456566417e+01
1.9365671929338869e+14 6.9102718521225936e-01 2.8869618726019009e+01
1.9379723538258572e+14 6.9158641729176884e-01 2.9964705639204528e+01
1.9393795553501878e+14 6.9140523863961201e-01 3.1061430372312728e+01
1.9407888019553441e+14 6.9104272561901192e-01 3.2159118505333339e+01
1.9422000981027303e+14 6.9076965466500106e-01 3.3257896506531665e+01
1.9436134482667369e+14 6.9092204708956206e-01 3.4357699596566050e+01
1.9450288569347897e+14 6.9226956312360932e-01 3.5460653454918280e+01
1.9464463286073938e+14 6.9161576788349322e-01 3.6566069401632369e+01
1.9478658677981834e+14 6.9111684935176665e-01 3.7671668145733598e+01
1.9492874790339700e+14 6.9088453033439789e-01 3.8778611198036671e+01
1.9507111668547903e+14 6.9077970077191642e-01 3.9886888101865992e+01
1.9521369358139534e+14 6.9150570541031053e-01 4.0997195911265919e+01
1.9535647904780900e+14 6.9157755863739634e-01 4.2110695999855778e+01
1.9549947354272025e+14 6.9069707389671775e-01 4.3224869861355124e+01
1.9564267752547112e+14 6.9045896815876528e-01 4.4339618629989502e+01
1.9578609145675062e+14 6.9082119702564593e-01 4.5456376400789935e+01
1.9592971579859950e+14 6.9077247115374840e-01 4.6576182100403948e+01
1.9607355101441538e+14 6.9019437802464967e-01 4.7696592267185181e+01
1.9621759756895744e+14 6.8980395021225005e-01 4.8818008295319196e+01
1.9636185592835181e+14 6.9021421084003487e-01 4.9941617454743351e+01
1.9650632656009628e+14 6.9019736491637373e-01 5.1067745888840172e+01
1.9665100993306559e+14 6.8952930051009531e-01 5.2195242157534828e+01
1.9679590651751625e+14 6.8894886645305820e-01 5.3323810925431111e+01
1.9694101678509184e+14 6.8852663835580752e-01 5.4453896365078194e+01
1.9708634120882806e+14 6.8863658147072193e-01 5.5584869780969370e+01
1.9723188026315788e+14 6.8905204446457968e-01 5.6720075168804499e+01
("port 4","mode 1",1,"port 3",1,"transmission")
(50, 3)
1.9034441777777775e+14 6.8621056459229113e-01 1.4425783461140196e+00
1.9048016651970953e+14 6.8493897957371486e-01 2.4995288987083715e+00
1.9061610902484916e+14 6.8401588562605620e-01 3.5571593358740108e+00
1.9075224570834953e+14 6.8362253841649245e-01 4.6163091686709148e+00
1.9088857698655056e+14 6.8342380338715114e-01 5.6778614908332194e+00
1.9102510327698309e+14 6.8272903866889534e-01 6.7416565179953727e+00
1.9116182499837331e+14 6.8125294292571015e-01 7.8059361340308628e+00
1.9129874257064719e+14 6.8032454842798995e-01 8.8712087824812205e+00
1.9143585641493450e+14 6.7966136276803246e-01 9.9378695416460765e+00
1.9157316695357328e+14 6.7945965115740614e-01 1.1006513290078352e+01
1.9171067461011416e+14 6.7890330028301893e-01 1.2077901152928099e+01
1.9184837980932478e+14 6.7748415209083157e-01 1.3150172481189067e+01
1.9198628297719400e+14 6.7636287812300877e-01 1.4223125065333308e+01
1.9212438454093644e+14 6.7543110903390535e-01 1.5297623006463239e+01
1.9226268492899678e+14 6.7496959393680256e-01 1.6373604754428996e+01
1.9240118457105434e+14 6.7449945917978482e-01 1.7452192713102548e+01
1.9253988389802738e+14 6.7320731901872832e-01 1.8532547168575448e+01
1.9267878334207766e+14 6.7190282875226948e-01 1.9613063146723160e+01
1.9281788333661481e+14 6.7121081287839124e-01 2.0695268133352606e+01
1.9295718431630106e+14 6.7053740438639808e-01 2.1779678933064435e+01
1.9309668671705553e+14 6.6948758827365418e-01 2.2865912783751849e+01
1.9323639097605891e+14 6.6818884819110458e-01 2.3953073129668017e+01
1.9337629753175803e+14 6.6713773904704510e-01 2.5041511644684583e+01
1.9351640682387038e+14 6.6651334743747592e-01 2.6131603466249448e+01
1.9365671929338869e+14 6.6584985287383147e-01 2.7224257338692315e+01
1.9379723538258572e+14 6.6435025004794268e-01 2.8318571323628113e+01
1.9393795553501878e+14 6.6282391975723787e-01 2.9413242578857240e+01
1.9407888019553441e+14 6.6177281331117743e-01 3.0509270439267571e+01
1.9422000981027303e+14 6.6108858268065440e-01 3.1607169912201567e+01
1.9436134482667369e+14 6.6069654446113368e-01 3.2707357710511033e+01
1.9450288569347897e+14 6.5912066832702054e-01 3.3810787966205872e+01
1.9464463286073938e+14 6.5718307427437450e-01 3.4912727632644931e+01
1.9478658677981834e+14 6.5616503796599412e-01 3.6016724593791480e+01
1.9492874790339700e+14 6.5523828655412941e-01 3.7122744336385161e+01
1.9507111668547903e+14 6.5457847900137889e-01 3.8230477809007574e+01
1.9521369358139534e+14 6.5356100502710379e-01 3.9341230247792865e+01
1.9535647904780900e+14 6.5139334222706746e-01 4.0452528201357445e+01
1.9549947354272025e+14 6.5003743480863641e-01 4.1563803152381077e+01
1.9564267752547112e+14 6.4942347146312696e-01 4.2678014583196941e+01
1.9578609145675062e+14 6.4830756375102505e-01 4.3794935338177666e+01
1.9592971579859950e+14 6.4630561655329133e-01 4.4912248025589562e+01
1.9607355101441538e+14 6.4524509580788292e-01 4.6030764604829869e+01
1.9621759756895744e+14 6.4431213783643204e-01 4.7151628881137569e+01
1.9636185592835181e+14 6.4298981827886481e-01 4.8274602029158352e+01
1.9650632656009628e+14 6.4140488603889911e-01 4.9398873025835400e+01
1.9665100993306559e+14 6.3960934988882145e-01 5.0524280828439686e+01
1.9679590651751625e+14 6.3835672658810261e-01 5.1650541844511878e+01
1.9694101678509184e+14 6.3759987686897712e-01 5.2779360894244263e+01
1.9708634120882806e+14 6.3659169194927190e-01 5.3911171518715918e+01
1.9723188026315788e+14 6.3415466464149606e-01 5.5043652291549080e+01
("port 2","mode 1",1,"port 1",1,"transmission")
(50, 3)
1.9034441777777775e+14 6.8585758614295045e-01 1.4421305865138287e+00
1.9048016651970953e+14 6.8478265368282076e-01 2.4992265361885173e+00
1.9061610902484916e+14 6.8384556507274641e-01 3.5567585711013265e+00
1.9075224570834953e+14 6.8342734037929864e-01 4.6161048874683157e+00
1.9088857698655056e+14 6.8327384967065619e-01 5.6774241866498967e+00
1.9102510327698309e+14 6.8247133417104144e-01 6.7414481108735886e+00
1.9116182499837331e+14 6.8099952221148863e-01 7.8055862050006288e+00
1.9129874257064719e+14 6.8004697289816041e-01 8.8708146988468926e+00
1.9143585641493450e+14 6.7950224786860214e-01 9.9374221166340568e+00
1.9157316695357328e+14 6.7933055178290191e-01 1.1006226064101263e+01
1.9171067461011416e+14 6.7871436252851947e-01 1.2077748999355670e+01
1.9184837980932478e+14 6.7715404245448807e-01 1.3149870295976392e+01
1.9198628297719400e+14 6.7610095393474534e-01 1.4222724759966464e+01
1.9212438454093644e+14 6.7524803476821393e-01 1.5297175697917378e+01
1.9226268492899678e+14 6.7485613490423979e-01 1.6373260214722951e+01
1.9240118457105434e+14 6.7433412192500219e-01 1.7451994466965736e+01
1.9253988389802738e+14 6.7291357714714406e-01 1.8532250255999411e+01
1.9267878334207766e+14 6.7169581673304413e-01 1.9612607986644619e+01
1.9281788333661481e+14 6.7106164365843635e-01 2.0694965214504652e+01
1.9295718431630106e+14 6.7028684924844228e-01 2.1779395280223433e+01
1.9309668671705553e+14 6.6920077811225598e-01 2.2865492691395389e+01
1.9323639097605891e+14 6.6805789563166862e-01 2.3952634644359417e+01
1.9337629753175803e+14 6.6698795505316810e-01 2.5041291877269028e+01
1.9351640682387038e+14 6.6628073719943059e-01 2.6131364694780068e+01
1.9365671929338869e+14 6.6560729900438242e-01 2.7223898364804693e+01
1.9379723538258572e+14 6.6418239468946261e-01 2.8318253727435110e+01
1.9393795553501878e+14 6.6256249598104200e-01 2.9412878214708059e+01
1.9407888019553441e+14 6.6158992934367822e-01 3.0508852063854579e+01
1.9422000981027303e+14 6.6095960700589018e-01 3.1606771830134232e+01
1.9436134482667369e+14 6.6055604617831276e-01 3.2707302801005874e+01
1.9450288569347897e+14 6.5880038084262582e-01 3.3810441819373118e+01
1.9464463286073938e+14 6.5695835006310199e-01 3.4912308903893695e+01
1.9478658677981834e+14 6.5601346549349815e-01 3.6016287220897745e+01
1.9492874790339700e+14 6.5508027220095766e-01 3.7122420200041461e+01
1.9507111668547903e+14 6.5439894430431123e-01 3.8230077853226170e+01
1.9521369358139534e+14 6.5331256843924024e-01 3.9341158722583209e+01
1.9535647904780900e+14 6.5118495982058155e-01 4.0452126428963396e+01
1.9549947354272025e+14 6.4974417913480531e-01 4.1563465620385408e+01
1.9564267752547112e+14 6.4930037488256620e-01 4.2677586931130229e+01
1.9578609145675062e+14 6.4811258943966332e-01 4.3794544215319192e+01
1.9592971579859950e+14 6.4616211119126377e-01 4.4912067024493822e+01
1.9607355101441538e+14 6.4498980963491037e-01 4.6030305731112627e+01
1.9621759756895744e+14 6.4414909405517951e-01 4.7151311012933178e+01
1.9636185592835181e+14 6.4289007135556431e-01 4.8274335280777997e+01
1.9650632656009628e+14 6.4098363406365821e-01 4.9398631704542176e+01
1.9665100993306559e+14 6.3940910045743782e-01 5.0523702337859937e+01
1.9679590651751625e+14 6.3830002815210019e-01 5.1650153805199011e+01
1.9694101678509184e+14 6.3748437904774424e-01 5.2779129574781699e+01
1.9708634120882806e+14 6.3617622090357895e-01 5.3911174971396996e+01
1.9723188026315788e+14 6.3420110750274283e-01 5.5042963562756796e+01
("port 2","mode 1",1,"port 4",1,"transmission")
(50, 3)
1.9034441777777775e+14 6.8353766358929358e-01 3.0758997855813774e+00
1.9048016651970953e+14 6.8407692915452578e-01 4.1332994732885933e+00
1.9061610902484916e+14 6.8425633854960100e-01 5.1920266372795609e+00
1.9075224570834953e+14 6.8436772292814807e-01 6.2518937159086398e+00
1.9088857698655056e+14 6.8455583263379927e-01 7.3124631315292081e+00
1.9102510327698309e+14 6.8609116738413323e-01 8.3753489726159174e+00
1.9116182499837331e+14 6.8643256952659826e-01 9.4413331425278262e+00
1.9129874257064719e+14 6.8616752546023818e-01 1.0507621011076665e+01
1.9143585641493450e+14 6.8635235360417934e-01 1.1574816912887457e+01
1.9157316695357328e+14 6.8665599978560699e-01 1.2643502470606087e+01
1.9171067461011416e+14 6.8749334854796162e-01 1.3713730310899580e+01
1.9184837980932478e+14 6.8835120458698540e-01 1.4786970869898752e+01
1.9198628297719400e+14 6.8831654877063064e-01 1.5861560336841395e+01
1.9212438454093644e+14 6.8803116107785367e-01 1.6936835896321643e+01
1.9226268492899678e+14 6.8830537659769719e-01 1.8013108119341773e+01
1.9240118457105434e+14 6.8904835184114688e-01 1.9091429922011610e+01
1.9253988389802738e+14 6.8960265788138364e-01 2.0172113380921189e+01
1.9267878334207766e+14 6.8958244437019223e-01 2.1254297894848158e+01
1.9281788333661481e+14 6.8961150470210641e-01 2.2337441465839692e+01
1.9295718431630106e+14 6.8980645454179879e-01 2.3421959714677129e+01
1.9309668671705553e+14 6.9037136674044508e-01 2.4508568286935038e+01
1.9323639097605891e+14 6.9047553938325235e-01 2.5597045033371934e+01
1.9337629753175803e+14 6.9038444817916256e-01 2.6686800271738061e+01
1.9351640682387038e+14 6.9032272916803561e-01 2.7777606588221996e+01
1.9365671929338869e+14 6.9080747060184333e-01 2.8869987296751784e+01
1.9379723538258572e+14 6.9138836076734889e-01 2.9964968255147650e+01
1.9393795553501878e+14 6.9118186444769814e-01 3.1061829293892433e+01
1.9407888019553441e+14 6.9077967338010726e-01 3.2159405342387075e+01
1.9422000981027303e+14 6.9051603914806614e-01 3.3258106223567623e+01
1.9436134482667369e+14 6.9089486311823634e-01 3.4357898011293571e+01
1.9450288569347897e+14 6.9206658129340637e-01 3.5461131049198229e+01
1.9464463286073938e+14 6.9135916414869514e-01 3.6566416446115475e+01
1.9478658677981834e+14 6.9084315558251774e-01 3.7671912305053006e+01
1.9492874790339700e+14 6.9068605047199017e-01 3.8778855831814383e+01
1.9507111668547903e+14 6.9053391735802738e-01 3.9887168872160103e+01
1.9521369358139534e+14 6.9148116538035198e-01 4.0997550606389638e+01
1.9535647904780900e+14 6.9133488774444485e-01 4.2111020207333922e+01
1.9549947354272025e+14 6.9050548776711107e-01 4.3225312063076004e+01
1.9564267752547112e+14 6.9019412350232123e-01 4.4339826072963568e+01
1.9578609145675062e+14 6.9058406681840534e-01 4.5456680741029651e+01
1.9592971579859950e+14 6.9066964992130053e-01 4.6576395171025062e+01
1.9607355101441538e+14 6.8992298960562704e-01 4.7696995713595641e+01
1.9621759756895744e+14 6.8961144352988446e-01 4.8818258380875214e+01
1.9636185592835181e+14 6.9005376521267481e-01 4.9941773227207491e+01
1.9650632656009628e+14 6.9008341921412908e-01 5.1068369267365135e+01
1.9665100993306559e+14 6.8917561617209955e-01 5.2195567628856033e+01
1.9679590651751625e+14 6.8870987953806873e-01 5.3323914203721834e+01
1.9694101678509184e+14 6.8839025519527475e-01 5.4454075577162719e+01
1.9708634120882806e+14 6.8867854919739913e-01 5.5585447906095453e+01
1.9723188026315788e+14 6.8861689200313170e-01 5.6720058075538823e+01
("port 2","mode 1",1,"port 2",1,"transmission")
(50, 3)
1.9034441777777775e+14 1.4252029221292328e-03 1.3857403054136295e+00
1.9048016651970953e+14 1.4312387013251826e-03 3.2117338421663595e+00
1.9061610902484916e+14 1.2690658890473091e-03 5.0290182657586993e+00
1.9075224570834953e+14 1.2187269141424827e-03 6.6042073391278455e+00
1.9088857698655056e+14 1.5222728818780000e-03 8.3275178820270277e+00
1.9102510327698309e+14 1.5274654511683826e-03 1.0450266337576139e+01
1.9116182499837331e+14 1.0191209014423133e-03 1.2259859230939178e+01
1.9129874257064719e+14 8.3409100354997403e-04 1.3832229503225765e+01
1.9143585641493450e+14 6.9638231539756543e-04 1.5232289724494816e+01
1.9157316695357328e+14 9.2572134206794299e-04 1.6744549617720473e+01
1.9171067461011416e+14 1.1158174172743779e-03 1.8633010359077552e+01
1.9184837980932478e+14 9.7819595856126124e-04 2.0510687427613398e+01
1.9198628297719400e+14 8.0626161521153781e-04 2.2149285540261872e+01
1.9212438454093644e+14 7.7983019277507609e-04 2.3606357622442726e+01
1.9226268492899678e+14 1.0131410463839500e-03 2.5279901518346090e+01
1.9240118457105434e+14 1.0595665924868181e-03 2.7088482115740376e+01
1.9253988389802738e+14 1.1786204513630420e-03 2.8860482464037453e+01
1.9267878334207766e+14 1.0933633757596146e-03 3.0749852415217646e+01
1.9281788333661481e+14 9.6814523818697850e-04 3.2443725411373940e+01
1.9295718431630106e+14 1.0514281810335485e-03 3.4113450788107194e+01
1.9309668671705553e+14 1.0227711468543722e-03 3.6002336143288495e+01
1.9323639097605891e+14 8.8092376097525388e-04 3.7733188373055143e+01
1.9337629753175803e+14 8.2763285587025587e-04 3.9387203167550695e+01
1.9351640682387038e+14 8.7972468358413799e-04 4.1061181835345010e+01
1.9365671929338869e+14 9.7719041008351268e-04 4.2900990695351766e+01
1.9379723538258572e+14 8.6171837752099854e-04 4.4848442697562952e+01
1.9393795553501878e+14 6.5416333153577510e-04 4.6544609297184294e+01
1.9407888019553441e+14 6.0572499510131719e-04 4.8045373286631978e+01
1.9422000981027303e+14 7.2453745826945974e-04 4.9593422641432106e+01
1.9436134482667369e+14 1.0132254176447933e-03 5.1406061327973674e+01
1.9450288569347897e+14 1.0852146204663215e-03 5.3594780570861985e+01
1.9464463286073938e+14 7.5659078017045658e-04 5.5401008288103348e+01
1.9478658677981834e+14 6.7985557096844726e-04 5.7084319117230109e+01
1.9492874790339700e+14 6.3908819256946580e-04 5.8728534307474050e+01
1.9507111668547903e+14 6.7784630976251508e-04 6.0340681433586560e+01
1.9521369358139534e+14 9.5037683113242402e-04 6.2197085088012905e+01
1.9535647904780900e+14 8.9561659594014902e-04 6.4329493404009938e+01
1.9549947354272025e+14 6.1392898586020762e-04 6.6379721961953592e+01
1.9564267752547112e+14 4.9107662904705057e-04 6.7758287738961101e+01
1.9578609145675062e+14 5.3966992378505735e-04 6.9588841326750114e+01
1.9592971579859950e+14 3.2823720226349496e-04 7.1670647881074004e+01
1.9607355101441538e+14 2.7650989530597972e-04 7.2718694408158697e+01
1.9621759756895744e+14 3.7269951984549802e-04 7.4168176016192604e+01
1.9636185592835181e+14 4.3453388664393418e-04 7.6010335750979380e+01
1.9650632656009628e+14 4.1790338694848932e-04 7.7844101681718385e+01
1.9665100993306559e+14 5.5346096758721584e-04 7.9244362143180652e+01
1.9679590651751625e+14 8.0787828987278424e-04 8.1359451151039934e+01
1.9694101678509184e+14 7.8141378115380907e-04 8.3191044331994021e+01
1.9708634120882806e+14 1.0956458886479973e-03 8.5232355911448565e+01
1.9723188026315788e+14 1.0764282171269711e-03 8.7554961613226169e+01
("port 2","mode 1",1,"port 3",1,"transmission")
(50, 3)
1.9034441777777775e+14 1.2070043852666973e-03 1.5499740724151931e+00
1.9048016651970953e+14 1.1906721248952810e-03 3.4384816717399325e+00
1.9061610902484916e+14 8.3418162877262265e-04 5.1142950298020118e+00
1.9075224570834953e+14 9.0819756007092325e-04 6.5199197319296545e+00
1.9088857698655056e+14 1.1339040759622378e-03 8.2196043349821544e+00
1.9102510327698309e+14 1.2097472396281248e-03 1.0226855288554706e+01
1.9116182499837331e+14 8.3231082717282313e-04 1.1988777113099225e+01
1.9129874257064719e+14 7.2506747980466348e-04 1.3311828130219222e+01
1.9143585641493450e+14 9.7547875495230445e-04 1.4892802877628258e+01
1.9157316695357328e+14 1.1632301439571883e-03 1.6619496126220326e+01
1.9171067461011416e+14 1.4508411602461955e-03 1.8489706962846366e+01
1.9184837980932478e+14 1.2972431973203966e-03 2.0533666410502200e+01
1.9198628297719400e+14 1.0086038173192933e-03 2.2214774008282902e+01
1.9212438454093644e+14 1.0284611503921257e-03 2.3831429695685316e+01
1.9226268492899678e+14 1.0164778781330771e-03 2.5513679034558976e+01
1.9240118457105434e+14 1.0555373544090306e-03 2.7227540088861367e+01
1.9253988389802738e+14 1.1230307623722637e-03 2.9063752252892126e+01
1.9267878334207766e+14 9.6779864497680880e-04 3.0845490315108556e+01
1.9281788333661481e+14 8.9378439670335528e-04 3.2503081921002270e+01
1.9295718431630106e+14 8.9614767121712412e-04 3.4146430525876198e+01
1.9309668671705553e+14 9.3258181619104209e-04 3.5964562324285872e+01
1.9323639097605891e+14 8.3003466010854194e-04 3.7721488677579579e+01
1.9337629753175803e+14 7.6085211635313309e-04 3.9316190928415395e+01
1.9351640682387038e+14 8.7287830563476598e-04 4.1004607444103755e+01
1.9365671929338869e+14 9.6177542051919520e-04 4.2880796268702021e+01
1.9379723538258572e+14 8.3849719217350997e-04 4.4805216229893851e+01
1.9393795553501878e+14 6.5760692343647619e-04 4.6516328060495049e+01
1.9407888019553441e+14 6.0195375528627993e-04 4.8035868914869901e+01
1.9422000981027303e+14 7.2650843884451471e-04 4.9554607505418808e+01
1.9436134482667369e+14 1.0141837214344800e-03 5.1395586040220152e+01
1.9450288569347897e+14 1.0719182709799102e-03 5.3599370996142362e+01
1.9464463286073938e+14 7.4805460016156135e-04 5.5366083017593603e+01
1.9478658677981834e+14 6.7696881847581969e-04 5.7060496482023140e+01
1.9492874790339700e+14 6.0778479204549440e-04 5.8709024375979844e+01
1.9507111668547903e+14 6.9112110311759264e-04 6.0289281470748321e+01
1.9521369358139534e+14 9.6392793958397492e-04 6.2176794439491701e+01
1.9535647904780900e+14 8.6071798480577848e-04 6.4275045146322114e+01
1.9549947354272025e+14 6.3305505541226374e-04 6.6286288509693975e+01
1.9564267752547112e+14 5.2383353085220651e-04 6.7729530878295648e+01
1.9578609145675062e+14 5.8729317375664364e-04 6.9432979565704585e+01
1.9592971579859950e+14 4.2467700365837833e-04 7.1580681778933410e+01
1.9607355101441538e+14 3.1472461102943441e-04 7.2821332017877637e+01
1.9621759756895744e+14 5.0957740431942396e-04 7.4370840740470314e+01
1.9636185592835181e+14 4.5751855832622831e-04 7.6343737866407920e+01
1.9650632656009628e+14 4.3562860067497869e-04 7.7990459872915480e+01
1.9665100993306559e+14 4.9680330844964883e-04 7.9690122995105739e+01
1.9679590651751625e+14 6.6154963584943278e-04 8.1510246270856925e+01
1.9694101678509184e+14 7.4636474373362049e-04 8.3366939546222000e+01
1.9708634120882806e+14 8.6463322545075882e-04 8.5442441747870291e+01
1.9723188026315788e+14 9.2374301123256412e-04 8.7647349436155352e+01
("port 3","mode 1",1,"port 1",1,"transmission")
(50, 3)
1.9034441777777775e+14 6.8353765419390533e-01 3.0758997854747476e+00
1.9048016651970953e+14 6.8407691969464191e-01 4.1332994733443957e+00
1.9061610902484916e+14 6.8425632907206491e-01 5.1920266371588255e+00
1.9075224570834953e+14 6.8436771347403136e-01 6.2518937158196310e+00
1.9088857698655056e+14 6.8455582323808706e-01 7.3124631314777080e+00
1.9102510327698309e+14 6.8609115786423436e-01 8.3753489724927945e+00
1.9116182499837331e+14 6.8643256008380360e-01 9.4413331424895652e+00
1.9129874257064719e+14 6.8616751595708925e-01 1.0507621011017704e+01
1.9143585641493450e+14 6.8635234407498402e-01 1.1574816912782120e+01
1.9157316695357328e+14 6.8665599034856184e-01 1.2643502470428748e+01
1.9171067461011416e+14 6.8749333905315402e-01 1.3713730310897498e+01
1.9184837980932478e+14 6.8835119503529363e-01 1.4786970869786554e+01
1.9198628297719400e+14 6.8831653927918013e-01 1.5861560336698847e+01
1.9212438454093644e+14 6.8803115154714534e-01 1.6936835896268708e+01
1.9226268492899678e+14 6.8830536706665713e-01 1.8013108119256220e+01
1.9240118457105434e+14 6.8904834232349221e-01 1.9091429921824339e+01
1.9253988389802738e+14 6.8960264835504947e-01 2.0172113380915043e+01
1.9267878334207766e+14 6.8958243485973525e-01 2.1254297894683212e+01
1.9281788333661481e+14 6.8961149516078457e-01 2.2337441465715518e+01
1.9295718431630106e+14 6.8980644504191246e-01 2.3421959714578790e+01
1.9309668671705553e+14 6.9037135718395037e-01 2.4508568286725396e+01
1.9323639097605891e+14 6.9047552986834537e-01 2.5597045033259125e+01
1.9337629753175803e+14 6.9038443865298660e-01 2.6686800271589085e+01
1.9351640682387038e+14 6.9032271959981106e-01 2.7777606588074242e+01
1.9365671929338869e+14 6.9080746111563340e-01 2.8869987296548288e+01
1.9379723538258572e+14 6.9138835125900400e-01 2.9964968255015709e+01
1.9393795553501878e+14 6.9118185491522166e-01 3.1061829293799516e+01
1.9407888019553441e+14 6.9077966382520561e-01 3.2159405342231189e+01
1.9422000981027303e+14 6.9051602964760184e-01 3.3258106223320283e+01
1.9436134482667369e+14 6.9089485372636072e-01 3.4357898011144705e+01
1.9450288569347897e+14 6.9206657177623909e-01 3.5461131049118471e+01
1.9464463286073938e+14 6.9135915461657360e-01 3.6566416445916602e+01
1.9478658677981834e+14 6.9084314614840736e-01 3.7671912304862609e+01
1.9492874790339700e+14 6.9068604096818276e-01 3.8778855831766634e+01
1.9507111668547903e+14 6.9053390788167990e-01 3.9887168871902517e+01
1.9521369358139534e+14 6.9148115598293680e-01 4.0997550606227911e+01
1.9535647904780900e+14 6.9133487827832618e-01 4.2111020207395455e+01
1.9549947354272025e+14 6.9050547824583630e-01 4.3225312062833410e+01
1.9564267752547112e+14 6.9019411411759435e-01 4.4339826072792988e+01
1.9578609145675062e+14 6.9058405739529793e-01 4.5456680741064794e+01
1.9592971579859950e+14 6.9066964041430934e-01 4.6576395170849032e+01
1.9607355101441538e+14 6.8992298023466792e-01 4.7696995713494253e+01
1.9621759756895744e+14 6.8961143409286874e-01 4.8818258380898470e+01
1.9636185592835181e+14 6.9005375576109573e-01 4.9941773227059279e+01
1.9650632656009628e+14 6.9008340987978900e-01 5.1068369267348608e+01
1.9665100993306559e+14 6.8917560669574685e-01 5.2195567628940019e+01
1.9679590651751625e+14 6.8870987012375362e-01 5.3323914203517660e+01
1.9694101678509184e+14 6.8839024590231346e-01 5.4454075577175288e+01
1.9708634120882806e+14 6.8867853973989912e-01 5.5585447906206880e+01
1.9723188026315788e+14 6.8861688260781551e-01 5.6720058075331600e+01
("port 3","mode 1",1,"port 4",1,"transmission")
(50, 3)
1.9034441777777775e+14 6.8585759647321742e-01 1.4421273463530837e+00
1.9048016651970953e+14 6.8478266409965838e-01 2.4992232963232404e+00
1.9061610902484916e+14 6.8384557540491864e-01 3.5567553312766140e+00
1.9075224570834953e+14 6.8342735064281590e-01 4.6161016477656327e+00
1.9088857698655056e+14 6.8327385990945266e-01 5.6774209469531147e+00
1.9102510327698309e+14 6.8247134447940994e-01 6.7414448712225248e+00
1.9116182499837331e+14 6.8099953244558253e-01 7.8055829654991937e+00
1.9129874257064719e+14 6.8004698308171085e-01 8.8708114594303709e+00
1.9143585641493450e+14 6.7950225801257624e-01 9.9374188770745935e+00
1.9157316695357328e+14 6.7933056200842346e-01 1.1006222824755289e+01
1.9171067461011416e+14 6.7871437266732515e-01 1.2077745760216755e+01
1.9184837980932478e+14 6.7715405239539672e-01 1.3149867056595561e+01
1.9198628297719400e+14 6.7610096402809994e-01 1.4222721520633105e+01
1.9212438454093644e+14 6.7524804487390810e-01 1.5297172458793536e+01
1.9226268492899678e+14 6.7485614477749400e-01 1.6373256975745807e+01
1.9240118457105434e+14 6.7433413177770829e-01 1.7451991227760438e+01
1.9253988389802738e+14 6.7291358713212701e-01 1.8532247016845727e+01
1.9267878334207766e+14 6.7169582659760929e-01 1.9612604747765051e+01
1.9281788333661481e+14 6.7106165339185275e-01 2.0694961975499051e+01
1.9295718431630106e+14 6.7028685902217922e-01 2.1779392041102096e+01
1.9309668671705553e+14 6.6920078792960580e-01 2.2865489452428214e+01
1.9323639097605891e+14 6.6805790530237419e-01 2.3952631405447484e+01
1.9337629753175803e+14 6.6698796464185195e-01 2.5041288638262259e+01
1.9351640682387038e+14 6.6628074685325800e-01 2.6131361455700510e+01
1.9365671929338869e+14 6.6560730862014605e-01 2.7223895125865397e+01
1.9379723538258572e+14 6.6418240417332186e-01 2.8318250488504198e+01
1.9393795553501878e+14 6.6256250548094897e-01 2.9412874975570166e+01
1.9407888019553441e+14 6.6158993885028961e-01 3.0508848824829883e+01
1.9422000981027303e+14 6.6095961646218504e-01 3.1606768591105787e+01
1.9436134482667369e+14 6.6055605556623309e-01 3.2707299561971901e+01
1.9450288569347897e+14 6.5880039024465242e-01 3.3810438580176722e+01
1.9464463286073938e+14 6.5695835940572034e-01 3.4912305664735342e+01
1.9478658677981834e+14 6.5601347488519346e-01 3.6016283981679862e+01
1.9492874790339700e+14 6.5508028149561626e-01 3.7122416960870694e+01
1.9507111668547903e+14 6.5439895358520506e-01 3.8230074613884533e+01
1.9521369358139534e+14 6.5331257780368235e-01 3.9341155483209896e+01
1.9535647904780900e+14 6.5118496907525525e-01 4.0452123189655772e+01
1.9549947354272025e+14 6.4974418832608449e-01 4.1563462380888879e+01
1.9564267752547112e+14 6.4930038426077996e-01 4.2677583691575869e+01
1.9578609145675062e+14 6.4811259867076354e-01 4.3794540975865679e+01
1.9592971579859950e+14 6.4616212039210519e-01 4.4912063784864770e+01
1.9607355101441538e+14 6.4498981901967689e-01 4.6030302491407191e+01
1.9621759756895744e+14 6.4414910327814001e-01 4.7151307773303550e+01
1.9636185592835181e+14 6.4289008064701048e-01 4.8274332040968758e+01
1.9650632656009628e+14 6.4098364347571868e-01 4.9398628464749258e+01
1.9665100993306559e+14 6.3940910968399056e-01 5.0523699098038279e+01
1.9679590651751625e+14 6.3830003753303755e-01 5.1650150565075428e+01
1.9694101678509184e+14 6.3748438858924938e-01 5.2779126335052553e+01
1.9708634120882806e+14 6.3617623014835378e-01 5.3911171731447830e+01
1.9723188026315788e+14 6.3420111696572334e-01 5.5042960322477214e+01
("port 3","mode 1",1,"port 2",1,"transmission")
(50, 3)
1.9034441777777775e+14 1.2070044569525880e-03 1.5499740113228089e+00
1.9048016651970953e+14 1.1906722931372573e-03 3.4384816068309143e+00
1.9061610902484916e+14 8.3418178149743710e-04 5.1142951387690214e+00
1.9075224570834953e+14 9.0819758919805029e-04 6.5199198360424564e+00
1.9088857698655056e+14 1.1339041303460478e-03 8.2196043870023381e+00
1.9102510327698309e+14 1.2097473384142263e-03 1.0226855413935152e+01
1.9116182499837331e+14 8.3231081880613797e-04 1.1988777315312120e+01
1.9129874257064719e+14 7.2506738311860284e-04 1.3311828249878719e+01
1.9143585641493450e+14 9.7547867506789850e-04 1.4892802919104199e+01
1.9157316695357328e+14 1.1632300454840539e-03 1.6619496204032998e+01
1.9171067461011416e+14 1.4508409775904412e-03 1.8489706991666072e+01
1.9184837980932478e+14 1.2972430660763863e-03 2.0533666404151212e+01
1.9198628297719400e+14 1.0086037002099394e-03 2.2214774005557935e+01
1.9212438454093644e+14 1.0284610464011683e-03 2.3831429651908664e+01
1.9226268492899678e+14 1.0164777822044273e-03 2.5513678975042755e+01
1.9240118457105434e+14 1.0555372488975508e-03 2.7227540011399370e+01
1.9253988389802738e+14 1.1230307317247588e-03 2.9063752137894060e+01
1.9267878334207766e+14 9.6779861526296045e-04 3.0845490216710271e+01
1.9281788333661481e+14 8.9378437433225281e-04 3.2503081820245164e+01
1.9295718431630106e+14 8.9614772557928505e-04 3.4146430399956913e+01
1.9309668671705553e+14 9.3258186144434666e-04 3.5964562237649766e+01
1.9323639097605891e+14 8.3003470614170501e-04 3.7721488615285018e+01
1.9337629753175803e+14 7.6085219360733612e-04 3.9316190869385387e+01
1.9351640682387038e+14 8.7287838738287350e-04 4.1004607424712944e+01
1.9365671929338869e+14 9.6177549211938918e-04 4.2880796305346706e+01
1.9379723538258572e+14 8.3849723309458075e-04 4.4805216239141906e+01
1.9393795553501878e+14 6.5760696779577953e-04 4.6516328081833365e+01
1.9407888019553441e+14 6.0195380844456294e-04 4.8035869011272368e+01
1.9422000981027303e+14 7.2650842995012374e-04 4.9554607645989158e+01
1.9436134482667369e+14 1.0141836594333700e-03 5.1395586127535871e+01
1.9450288569347897e+14 1.0719182687238767e-03 5.3599371002738799e+01
1.9464463286073938e+14 7.4805460761341819e-04 5.5366083167169570e+01
1.9478658677981834e+14 6.7696876552612070e-04 5.7060496623213339e+01
1.9492874790339700e+14 6.0778470856130012e-04 5.8709024472557140e+01
1.9507111668547903e+14 6.9112097717126083e-04 6.0289281445746418e+01
1.9521369358139534e+14 9.6392786925030916e-04 6.2176794455601552e+01
1.9535647904780900e+14 8.6071786733707834e-04 6.4275045213044123e+01
1.9549947354272025e+14 6.3305486415968389e-04 6.6286288460387780e+01
1.9564267752547112e+14 5.2383347123017589e-04 6.7729530754951995e+01
1.9578609145675062e+14 5.8729307074155900e-04 6.9432979445498788e+01
1.9592971579859950e+14 4.2467689110517145e-04 7.1580681429331165e+01
1.9607355101441538e+14 3.1472463719064070e-04 7.2821331714175486e+01
1.9621759756895744e+14 5.0957747721014530e-04 7.4370840524497595e+01
1.9636185592835181e+14 4.5751865954484481e-04 7.6343737653967580e+01
1.9650632656009628e+14 4.3562870563679728e-04 7.7990459760387679e+01
1.9665100993306559e+14 4.9680347544054455e-04 7.9690123051461555e+01
1.9679590651751625e+14 6.6154971391982689e-04 8.1510246424183379e+01
1.9694101678509184e+14 7.4636484491791581e-04 8.3366939601128891e+01
1.9708634120882806e+14 8.6463336048571654e-04 8.5442441881522015e+01
1.9723188026315788e+14 9.2374307929686452e-04 8.7647349578129720e+01
("port 3","mode 1",1,"port 3",1,"transmission")
(50, 3)
1.9034441777777775e+14 1.4252027970787866e-03 1.3857370979291050e+00
1.9048016651970953e+14 1.4312384957792508e-03 3.2117305744160047e+00
1.9061610902484916e+14 1.2690658356595066e-03 5.0290149648533751e+00
1.9075224570834953e+14 1.2187268868003843e-03 6.6042040385206411e+00
1.9088857698655056e+14 1.5222728434931836e-03 8.3275145678919138e+00
1.9102510327698309e+14 1.5274654917494586e-03 1.0450263008839588e+01
1.9116182499837331e+14 1.0191209941260917e-03 1.2259855877666100e+01
1.9129874257064719e+14 8.3409118419769314e-04 1.3832226137751690e+01
1.9143585641493450e+14 6.9638247866983451e-04 1.5232286582425836e+01
1.9157316695357328e+14 9.2572150421884887e-04 1.6744546509098377e+01
1.9171067461011416e+14 1.1158176616898425e-03 1.8633007333931463e+01
1.9184837980932478e+14 9.7819600669262277e-04 2.0510684442499418e+01
1.9198628297719400e+14 8.0626163454687735e-04 2.2149282568635904e+01
1.9212438454093644e+14 7.7983008423875271e-04 2.3606354726668798e+01
1.9226268492899678e+14 1.0131408469140461e-03 2.5279898398250108e+01
1.9240118457105434e+14 1.0595664536470208e-03 2.7088478977828842e+01
1.9253988389802738e+14 1.1786201986619107e-03 2.8860479308059737e+01
1.9267878334207766e+14 1.0933631843170625e-03 3.0749849115690580e+01
1.9281788333661481e+14 9.6814514938677303e-04 3.2443722123711474e+01
1.9295718431630106e+14 1.0514280879612467e-03 3.4113447494170231e+01
1.9309668671705553e+14 1.0227710902879271e-03 3.6002332757675902e+01
1.9323639097605891e+14 8.8092379189857214e-04 3.7733185034795163e+01
1.9337629753175803e+14 8.2763292463506320e-04 3.9387199910682931e+01
1.9351640682387038e+14 8.7972472074626619e-04 4.1061178512159458e+01
1.9365671929338869e+14 9.7719051994471290e-04 4.2900987418664059e+01
1.9379723538258572e+14 8.6171847769160560e-04 4.4848439538701093e+01
1.9393795553501878e+14 6.5416334049022632e-04 4.6544606069732346e+01
1.9407888019553441e+14 6.0572506536767123e-04 4.8045370029110032e+01
1.9422000981027303e+14 7.2453752494992547e-04 4.9593419447311980e+01
1.9436134482667369e+14 1.0132254956262093e-03 5.1406058157354018e+01
1.9450288569347897e+14 1.0852147011961412e-03 5.3594777369072496e+01
1.9464463286073938e+14 7.5659083487712850e-04 5.5401005038700376e+01
1.9478658677981834e+14 6.7985568869367732e-04 5.7084315896423064e+01
1.9492874790339700e+14 6.3908833165915002e-04 5.8728531200550698e+01
1.9507111668547903e+14 6.7784641958632496e-04 6.0340678409022274e+01
1.9521369358139534e+14 9.5037689871703510e-04 6.2197082010416651e+01
1.9535647904780900e+14 8.9561671075168050e-04 6.4329490350474700e+01
1.9549947354272025e+14 6.1392915917120620e-04 6.6379719017837218e+01
1.9564267752547112e+14 4.9107661178321091e-04 6.7758284969547063e+01
1.9578609145675062e+14 5.3966982936414865e-04 6.9588838473101504e+01
1.9592971579859950e+14 3.2823718075971752e-04 7.1670645397363501e+01
1.9607355101441538e+14 2.7650964918487082e-04 7.2718691428586311e+01
1.9621759756895744e+14 3.7269933259925547e-04 7.4168172354886948e+01
1.9636185592835181e+14 4.3453371942908691e-04 7.6010332243670376e+01
1.9650632656009628e+14 4.1790321637838137e-04 7.7844097908142430e+01
1.9665100993306559e+14 5.5346110926580885e-04 7.9244358453021661e+01
1.9679590651751625e+14 8.0787843321010726e-04 8.1359447625088279e+01
1.9694101678509184e+14 7.8141399763241896e-04 8.3191040825069720e+01
1.9708634120882806e+14 1.0956461500110193e-03 8.5232352569214143e+01
1.9723188026315788e+14 1.0764284634215788e-03 8.7554958172089528e+01
