["opt_1","LEFT"]
["opt_2","RIGHT"]
["opt_3","RIGHT"]
("opt_1","TE",1,"opt_1",1,"transmission",1.40495e-012)
(11,3)
187370286250000.0	0.01160535920668956	50.46150040336801
188548715723270.4	0.008465742376963561	41.24638741301467
189742062025316.5	0.006622264435298431	32.76062249217495
190950610191082.8	0.006008158208017899	24.24285547856728
192174652564102.6	0.004515643596255090	15.16449389756487
193414489032258.1	0.005410757454810426	6.072340042033745
194670427272727.3	0.001379579041113333	-2.671361605235305
195942783006535.9	0.001358563638220932	-11.71777112238858
197231880263157.9	0.0008168208966466027	-20.86286980873823
198538051655629.2	0.0008231429582954475	-30.65512509623069
199861638666666.7	0.001293245479107796	-39.95759719787419
("opt_1","TE",1,"opt_2",1,"transmission",6.78474e-013)
(11,3)
187370286250000.0	0.6363477817873303	22.95436142121611
188548715723270.4	0.6487305946206845	16.63549647878740
189742062025316.5	0.6604431794129382	10.32675411995668
190950610191082.8	0.6693294279039693	4.022637834432888
192174652564102.6	0.6786133182209054	-2.277797884033991
193414489032258.1	0.6813913799413702	-8.568628148084247
194670427272727.3	0.6795666290317186	-14.84889084315893
195942783006535.9	0.6718805960588887	-21.14754589752071
197231880263157.9	0.6586580003617116	-27.53153803350266
198538051655629.2	0.6392237119655113	-33.91852682644159
199861638666666.7	0.6143869062106584	-40.30947697319817
("opt_1","TE",1,"opt_3",1,"transmission",6.78475e-013)
(11,3)
187370286250000.0	0.6363806218574184	22.95436475350792
188548715723270.4	0.6487590090314360	16.63550242474280
189742062025316.5	0.6604625851411065	10.32675972147439
190950610191082.8	0.6693428114280027	4.022643377732321
192174652564102.6	0.6786225781882999	-2.277796804169611
193414489032258.1	0.6813971487489687	-8.568633039316771
194670427272727.3	0.6795716559083127	-14.84890054763778
195942783006535.9	0.6718877041133102	-21.14755816000390
197231880263157.9	0.6586687988013354	-27.53155278613695
198538051655629.2	0.6392363150194627	-33.91854755027249
199861638666666.7	0.6144005696555259	-40.30950507525223
("opt_2","TE",1,"opt_1",1,"transmission",6.78474e-013)
(11,3)
187370286250000.0	0.6363478026475657	22.95436142264991
188548715723270.4	0.6487305862334813	16.63549647873136
189742062025316.5	0.6604432224941887	10.32675412022308
190950610191082.8	0.6693294166691092	4.022637834593855
192174652564102.6	0.6786138110766518	-2.277797884661886
193414489032258.1	0.6813911773147281	-8.568628147988413
194670427272727.3	0.6795665840628830	-14.84889084333300
195942783006535.9	0.6718808918746601	-21.14754589764712
197231880263157.9	0.6586584618984182	-27.53153803325968
198538051655629.2	0.6392237119651579	-33.91852682706483
199861638666666.7	0.6143865837310882	-40.30947697452332
("opt_2","TE",1,"opt_2",1,"transmission",1.06822e-012)
(11,3)
187370286250000.0	0.08401047445718839	41.05702762292039
188548715723270.4	0.07779966326886370	34.81005988405443
189742062025316.5	0.06128443672496593	28.40608051247263
190950610191082.8	0.04461612253217714	22.08211091980594
192174652564102.6	0.03829756873206215	15.92595399870571
193414489032258.1	0.02995540503698952	9.563825657814743
194670427272727.3	0.02614467353116779	3.101789239156732
195942783006535.9	0.02539664664308532	-3.533814449528695
197231880263157.9	0.02340402607377665	-9.985506966135240
198538051655629.2	0.02478873658753155	-16.32345601930014
199861638666666.7	0.02460029777428655	-22.66844633775890
("opt_2","TE",1,"opt_3",1,"transmission",1.0851e-012)
(11,3)
187370286250000.0	0.09120669523720504	38.51951406712937
188548715723270.4	0.08345963343247598	32.14421001952520
189742062025316.5	0.06759354831764364	25.63410032866349
190950610191082.8	0.05117452376146148	19.19553881256066
192174652564102.6	0.04071110220751721	12.95303159311006
193414489032258.1	0.02961502775906892	6.467750921439465
194670427272727.3	0.02361532317661652	0.01120631790873183
195942783006535.9	0.01817904358296537	-6.799129037571538
197231880263157.9	0.01277229975377168	-13.40894911853366
198538051655629.2	0.009664582768217762	-20.04539287689990
199861638666666.7	0.006141588889302066	-27.35334538638753
("opt_3","TE",1,"opt_1",1,"transmission",6.78475e-013)
(11,3)
187370286250000.0	0.6363806009973435	22.95436475208011
188548715723270.4	0.6487590174184904	16.63550242480569
189742062025316.5	0.6604625420598077	10.32675972121076
190950610191082.8	0.6693428226629540	4.022643377574798
192174652564102.6	0.6786220853280314	-2.277796803546248
193414489032258.1	0.6813973513825323	-8.568633039412504
194670427272727.3	0.6795717008733800	-14.84890054746568
195942783006535.9	0.6718874082801360	-21.14755815987587
197231880263157.9	0.6586683373050286	-27.53155278637465
198538051655629.2	0.6392363150198041	-33.91854754965573
199861638666666.7	0.6144008921062285	-40.30950507394354
("opt_3","TE",1,"opt_2",1,"transmission",1.0851e-012)
(11,3)
187370286250000.0	0.09120668887561494	38.51951406553955
188548715723270.4	0.08345963575422928	32.14421002260003
189742062025316.5	0.06759353951961053	25.63410032941733
190950610191082.8	0.05117452551088313	19.19553881286791
192174652564102.6	0.04071104313636510	12.95303159220694
193414489032258.1	0.02961504533734788	6.467750924080034
194670427272727.3	0.02361532629970198	0.01120631811953388
195942783006535.9	0.01817902751931099	-6.799129039689758
197231880263157.9	0.01277228195948775	-13.40894912471086
198538051655629.2	0.009664582768218135	-20.04539287768285
199861638666666.7	0.006141595398502748	-27.35334538127666
("opt_3","TE",1,"opt_3",1,"transmission",1.06821e-012)
(11,3)
187370286250000.0	0.08403352991504148	41.05651535707517
188548715723270.4	0.07782215886061530	34.80969407899522
189742062025316.5	0.06129395314519371	28.40598162752489
190950610191082.8	0.04462096591294578	22.08218487100345
192174652564102.6	0.03828808275063145	15.92599058401881
193414489032258.1	0.02994541264316394	9.563974257802506
194670427272727.3	0.02614114916098308	3.101929673433601
195942783006535.9	0.02539304851270121	-3.533635253223688
197231880263157.9	0.02339975092123326	-9.985234545061207
198538051655629.2	0.02478818156466410	-16.32293264756791
199861638666666.7	0.02460229881808803	-22.66785992477652
("opt_1","TM",2,"opt_1",2,"transmission",9.91663e-013)
(11,3)
187370286250000.0	0.1234355508523150	36.11934848276873
188548715723270.4	0.1109904124007834	29.01947224439543
189742062025316.5	0.04292528554222284	21.58724575318284
190950610191082.8	0.1171122172711539	14.04308063124917
192174652564102.6	0.08885293815251559	6.843035333581456
193414489032258.1	0.06689652865123044	-3.073177033537347
194670427272727.3	0.1155426813630787	-8.315092889069117
195942783006535.9	0.08215692874175860	-13.56399222481852
197231880263157.9	0.03963005766119092	-24.39925622371577
198538051655629.2	0.04039521501573110	-34.59460906601445
199861638666666.7	0.03014653920181524	-44.08258974425748
("opt_1","TM",2,"opt_2",2,"transmission",6.78001e-013)
(11,3)
187370286250000.0	0.3635060557054528	28.16220072132480
188548715723270.4	0.4420779850128047	21.79237147451723
189742062025316.5	0.4572783598617219	15.41279972389817
190950610191082.8	0.4880648297801672	9.091158441888506
192174652564102.6	0.4222583901865060	2.728738332636977
193414489032258.1	0.3758489205987678	-3.377531816923160
194670427272727.3	0.3516648361157835	-9.495954752311793
195942783006535.9	0.3510082590908081	-15.66333581526202
197231880263157.9	0.3850734944127172	-21.83846206502493
198538051655629.2	0.4288398289814439	-27.90826146512356
199861638666666.7	0.4460198378359790	-33.91202510916748
("opt_1","TM",2,"opt_3",2,"transmission",6.78063e-013)
(11,3)
187370286250000.0	0.3637787010037569	28.16362224539073
188548715723270.4	0.4423775174131941	21.79312374685760
189742062025316.5	0.4573335562701821	15.41346948196563
190950610191082.8	0.4882922802285004	9.091641020697630
192174652564102.6	0.4223562240763045	2.728801207699592
193414489032258.1	0.3761410906800443	-3.377727460123941
194670427272727.3	0.3520470260781451	-9.496861521424631
195942783006535.9	0.3514293441498844	-15.66490546426633
197231880263157.9	0.3854403860355702	-21.84075892652391
198538051655629.2	0.4290490444572657	-27.91114623277659
199861638666666.7	0.4460163301684283	-33.91530475567814
("opt_2","TM",2,"opt_1",2,"transmission",6.78001e-013)
(11,3)
187370286250000.0	0.3635060557047914	28.16220072132535
188548715723270.4	0.4420779850041413	21.79237147451785
189742062025316.5	0.4572783598577372	15.41279972389881
190950610191082.8	0.4880648297647373	9.091158441889061
192174652564102.6	0.4222583901818784	2.728738332637002
193414489032258.1	0.3758489205944346	-3.377531816923217
194670427272727.3	0.3516648361379438	-9.495954752312287
195942783006535.9	0.3510082591113102	-15.66333581526227
197231880263157.9	0.3850734944328513	-21.83846206502564
198538051655629.2	0.4288398289649217	-27.90826146512465
199861638666666.7	0.4460198378612494	-33.91202510916845
("opt_2","TM",2,"opt_2",2,"transmission",1.19228e-012)
(11,3)
187370286250000.0	0.06049219851027575	43.07232093310752
188548715723270.4	0.04031189377701334	34.86788965791777
189742062025316.5	0.03947823008390266	24.19933147854095
190950610191082.8	0.07615233739109351	16.47795045853740
192174652564102.6	0.05888159112235600	6.737981030602086
193414489032258.1	0.09364861070904954	-0.5969683941651293
194670427272727.3	0.1408114249790083	-7.515024519388185
195942783006535.9	0.1063514331862802	-14.43027666016990
197231880263157.9	0.09597239497036703	-27.00602427479550
198538051655629.2	0.1337060612706834	-33.82274062761776
199861638666666.7	0.1117739886555727	-40.75552060089174
("opt_2","TM",2,"opt_3",2,"transmission",1.09911e-012)
(11,3)
187370286250000.0	0.02678178322992382	38.95903503993771
188548715723270.4	0.06302547826437954	33.11360713203487
189742062025316.5	0.07315908859945094	25.90620728211865
190950610191082.8	0.02262174655179456	15.47634422254685
192174652564102.6	0.1621360271489704	8.808396621340753
193414489032258.1	0.1312645139954773	2.655981390257407
194670427272727.3	0.1519795848626823	-3.300989354706165
195942783006535.9	0.1309314627942831	-9.456259982849449
197231880263157.9	0.1296338264457446	-21.42959283202210
198538051655629.2	0.1569960060335531	-27.33422751409167
199861638666666.7	0.1178993582487890	-39.54977775597768
("opt_3","TM",2,"opt_1",2,"transmission",6.78063e-013)
(11,3)
187370286250000.0	0.3637787010044606	28.16362224539165
188548715723270.4	0.4423775174221103	21.79312374685874
189742062025316.5	0.4573335562741253	15.41346948196635
190950610191082.8	0.4882922802438824	9.091641020697891
192174652564102.6	0.4223562240809360	2.728801207699933
193414489032258.1	0.3761410906842944	-3.377727460123785
194670427272727.3	0.3520470260559459	-9.496861521424915
195942783006535.9	0.3514293441293339	-15.66490546426699
197231880263157.9	0.3854403860153963	-21.84075892652427
198538051655629.2	0.4290490444739092	-27.91114623277720
199861638666666.7	0.4460163301432422	-33.91530475567942
("opt_3","TM",2,"opt_2",2,"transmission",1.09911e-012)
(11,3)
187370286250000.0	0.02678178322996675	38.95903503994767
188548715723270.4	0.06302547826661267	33.11360713204021
189742062025316.5	0.07315908860068492	25.90620728212496
190950610191082.8	0.02262174655304633	15.47634422254657
192174652564102.6	0.1621360271524661	8.808396621341940
193414489032258.1	0.1312645139983944	2.655981390259770
194670427272727.3	0.1519795848436387	-3.300989354707734
195942783006535.9	0.1309314627792016	-9.456259982854199
197231880263157.9	0.1296338264318886	-21.42959283202947
198538051655629.2	0.1569960060457393	-27.33422751409680
199861638666666.7	0.1178993582363222	-39.54977775598305
("opt_3","TM",2,"opt_3",2,"transmission",1.19132e-012)
(11,3)
187370286250000.0	0.06058472617649072	43.04199257151726
188548715723270.4	0.04055429493363068	34.84571995869418
189742062025316.5	0.03912952971134510	24.17339782597228
190950610191082.8	0.07620843506099191	16.46372671077570
192174652564102.6	0.05886610998345663	6.734293948187946
193414489032258.1	0.09388261977657475	-0.5941969444494573
194670427272727.3	0.1409918939681783	-7.508768298556284
195942783006535.9	0.1063177572200854	-14.41485305512988
197231880263157.9	0.09610301916770557	-26.98379322443012
198538051655629.2	0.1336632033608883	-33.79286480944926
199861638666666.7	0.1117738648057418	-40.71663603710124
