("port 1","TE",1,"port 1",1,"transmission","width_opt_2;wg_length")
(54,6)
5.000000000000000e-07	1.000000000000000e-05	191560676038338.7	2.525830096931542e-30	4.844809277232080	0.000000000000000
5.000000000000000e-07	1.000000000000000e-05	193751729522437.3	1.233597186064651e-30	5.839148438184865	0.000000000000000
5.000000000000000e-07	1.000000000000000e-05	195942783006535.9	6.255749556844931e-31	4.217017731757691	0.000000000000000
5.000000000000000e-07	1.200000000000000e-05	191560676038338.7	3.037591930971296e-30	5.061509217708726	0.000000000000000
5.000000000000000e-07	1.200000000000000e-05	193751729522437.3	8.106462564917208e-31	4.407971836254526	0.000000000000000
5.000000000000000e-07	1.200000000000000e-05	195942783006535.9	8.408542126812076e-31	1.987397929208576	0.000000000000000
5.000000000000000e-07	1.400000000000000e-05	191560676038338.7	1.416446536192348e-30	3.480564001383428	0.000000000000000
5.000000000000000e-07	1.400000000000000e-05	193751729522437.3	2.242090028640466e-31	4.758926480472941	0.000000000000000
5.000000000000000e-07	1.400000000000000e-05	195942783006535.9	2.953182590962951e-31	6.936734315767307	0.000000000000000
5.000000000000000e-07	1.600000000000000e-05	191560676038338.7	1.617922516062531e-30	5.763697710266280	0.000000000000000
5.000000000000000e-07	1.600000000000000e-05	193751729522437.3	5.159312579260150e-30	7.995268290203718	0.000000000000000
5.000000000000000e-07	1.600000000000000e-05	195942783006535.9	8.351688564630406e-31	9.277782051114190	0.000000000000000
5.000000000000000e-07	1.800000000000000e-05	191560676038338.7	2.331280907187308e-30	6.130210692825945	0.000000000000000
5.000000000000000e-07	1.800000000000000e-05	193751729522437.3	2.061677817332379e-30	7.474308490628728	0.000000000000000
5.000000000000000e-07	1.800000000000000e-05	195942783006535.9	4.149644429667039e-30	6.785713082864825	0.000000000000000
5.000000000000000e-07	2.000000000000001e-05	191560676038338.7	1.447500858503525e-30	2.760190965364241	0.000000000000000
5.000000000000000e-07	2.000000000000001e-05	193751729522437.3	1.220544701551557e-30	2.420123586257323	0.000000000000000
5.000000000000000e-07	2.000000000000001e-05	195942783006535.9	3.896910728952995e-30	-0.2101614229624422	0.000000000000000
2.250000000000000e-06	1.000000000000000e-05	191560676038338.7	1.456509409413979e-16	2.784939907575151	0.000000000000000
2.250000000000000e-06	1.000000000000000e-05	193751729522437.3	3.556029692629829e-16	0.9307587114375333	0.000000000000000
2.250000000000000e-06	1.000000000000000e-05	195942783006535.9	5.127751770741447e-16	-0.6289457750739382	0.000000000000000
2.250000000000000e-06	1.200000000000000e-05	191560676038338.7	4.235058198008178e-16	6.006093744465926	0.000000000000000
2.250000000000000e-06	1.200000000000000e-05	193751729522437.3	5.503689078663057e-16	9.035460048529261	0.000000000000000
2.250000000000000e-06	1.200000000000000e-05	195942783006535.9	7.963360738187593e-16	7.655893042563612	0.000000000000000
2.250000000000000e-06	1.400000000000000e-05	191560676038338.7	1.139464114078782e-15	1.014380255862413	0.000000000000000
2.250000000000000e-06	1.400000000000000e-05	193751729522437.3	6.849195335198107e-16	-0.5059678656087288	0.000000000000000
2.250000000000000e-06	1.400000000000000e-05	195942783006535.9	2.675466419274793e-16	2.211979692722979	0.000000000000000
2.250000000000000e-06	1.600000000000000e-05	191560676038338.7	1.270837692122871e-16	1.038789712489675	0.000000000000000
2.250000000000000e-06	1.600000000000000e-05	193751729522437.3	4.135627729043133e-16	-1.318994085856303	0.000000000000000
2.250000000000000e-06	1.600000000000000e-05	195942783006535.9	4.618789416120954e-17	-4.259746362228201	0.000000000000000
2.250000000000000e-06	1.800000000000000e-05	191560676038338.7	2.548303206320220e-16	2.336284850457564	0.000000000000000
2.250000000000000e-06	1.800000000000000e-05	193751729522437.3	2.589453186863188e-17	0.9801247553530436	0.000000000000000
2.250000000000000e-06	1.800000000000000e-05	195942783006535.9	7.580457935040775e-17	-0.7585426953174217	0.000000000000000
2.250000000000000e-06	2.000000000000001e-05	191560676038338.7	1.664657076235878e-16	0.9724939137258003	0.000000000000000
2.250000000000000e-06	2.000000000000001e-05	193751729522437.3	2.611183995573940e-16	0.1035929251992451	0.000000000000000
2.250000000000000e-06	2.000000000000001e-05	195942783006535.9	8.972786000975358e-17	3.216464741366482	0.000000000000000
4.000000000000000e-06	1.000000000000000e-05	191560676038338.7	3.776154183476475e-16	0.6396649967671396	0.000000000000000
4.000000000000000e-06	1.000000000000000e-05	193751729522437.3	4.709421050421549e-16	1.036988287149832	0.000000000000000
4.000000000000000e-06	1.000000000000000e-05	195942783006535.9	9.631833270619739e-16	1.184573586818427	0.000000000000000
4.000000000000000e-06	1.200000000000000e-05	191560676038338.7	7.779391041858122e-16	2.858143358162148	0.000000000000000
4.000000000000000e-06	1.200000000000000e-05	193751729522437.3	1.152935904626383e-15	2.374565696218548	0.000000000000000
4.000000000000000e-06	1.200000000000000e-05	195942783006535.9	2.452326382181796e-16	2.877983669326746	0.000000000000000
4.000000000000000e-06	1.400000000000000e-05	191560676038338.7	3.471077192602873e-16	0.5638754114867401	0.000000000000000
4.000000000000000e-06	1.400000000000000e-05	193751729522437.3	2.335050361602685e-16	-2.030805620314659	0.000000000000000
4.000000000000000e-06	1.400000000000000e-05	195942783006535.9	1.792114016611201e-15	1.061590147880299	0.000000000000000
4.000000000000000e-06	1.600000000000000e-05	191560676038338.7	6.635236417003321e-16	5.664485708492139	0.000000000000000
4.000000000000000e-06	1.600000000000000e-05	193751729522437.3	1.494094978817588e-15	5.769822524686680	0.000000000000000
4.000000000000000e-06	1.600000000000000e-05	195942783006535.9	3.501050004937738e-17	3.839083355746997	0.000000000000000
4.000000000000000e-06	1.800000000000000e-05	191560676038338.7	1.276000859654743e-16	4.584860208471681	0.000000000000000
4.000000000000000e-06	1.800000000000000e-05	193751729522437.3	2.058865592389333e-16	2.749436943739338	0.000000000000000
4.000000000000000e-06	1.800000000000000e-05	195942783006535.9	1.791711616905904e-16	3.068201309007933	0.000000000000000
4.000000000000000e-06	2.000000000000001e-05	191560676038338.7	1.985401053615529e-16	0.9748430875340689	0.000000000000000
4.000000000000000e-06	2.000000000000001e-05	193751729522437.3	4.144354215781464e-16	0.7405384313345610	0.000000000000000
4.000000000000000e-06	2.000000000000001e-05	195942783006535.9	1.031040438258202e-15	-1.955555692373302	0.000000000000000
("port 1","TE",1,"port 2",1,"transmission","width_opt_2;wg_length")
(54,6)
5.000000000000000e-07	1.000000000000000e-05	191560676038338.7	1.000000000000008	5.423787412434337	1.350710367765529e-13
5.000000000000000e-07	1.000000000000000e-05	193751729522437.3	1.000000000000001	5.425476780217314	1.350710367765529e-13
5.000000000000000e-07	1.000000000000000e-05	195942783006535.9	1.000000000000008	5.423777339709813	1.350710367765529e-13
5.000000000000000e-07	1.200000000000000e-05	191560676038338.7	1.000000000000038	0.2253595877416097	1.620852441318635e-13
5.000000000000000e-07	1.200000000000000e-05	193751729522437.3	0.9999999999999996	0.2273868290811860	1.620852441318635e-13
5.000000000000000e-07	1.200000000000000e-05	195942783006535.9	1.000000000000002	0.2253475004721741	1.620852441318635e-13
5.000000000000000e-07	1.400000000000000e-05	191560676038338.7	1.000000000000022	1.310117070228463	1.890994514871740e-13
5.000000000000000e-07	1.400000000000000e-05	193751729522437.3	1.000000000000001	1.312482185124638	1.890994514871740e-13
5.000000000000000e-07	1.400000000000000e-05	195942783006535.9	1.000000000000002	1.310102968414126	1.890994514871740e-13
5.000000000000000e-07	1.600000000000000e-05	191560676038338.7	1.000000000000007	2.394874552715339	2.161136588424846e-13
5.000000000000000e-07	1.600000000000000e-05	193751729522437.3	0.9999999999999984	2.397577541168096	2.161136588424846e-13
5.000000000000000e-07	1.600000000000000e-05	195942783006535.9	1.000000000000006	2.394858436356083	2.161136588424846e-13
5.000000000000000e-07	1.800000000000000e-05	191560676038338.7	1.000000000000000	3.479632035202211	2.431278661977952e-13
5.000000000000000e-07	1.800000000000000e-05	193751729522437.3	1.000000000000001	3.482672897211575	2.431278661977952e-13
5.000000000000000e-07	1.800000000000000e-05	195942783006535.9	1.000000000000008	3.479613904298044	2.431278661977952e-13
5.000000000000000e-07	2.000000000000001e-05	191560676038338.7	1.000000000000008	4.564389517689079	2.701420735531058e-13
5.000000000000000e-07	2.000000000000001e-05	193751729522437.3	0.9999999999999987	4.567768253255031	2.701420735531058e-13
5.000000000000000e-07	2.000000000000001e-05	195942783006535.9	1.000000000000010	4.564369372240034	2.701420735531058e-13
2.250000000000000e-06	1.000000000000000e-05	191560676038338.7	0.9964858384662354	5.494992765310951	1.272476984194982e-13
2.250000000000000e-06	1.000000000000000e-05	193751729522437.3	0.9957213103362370	5.437241868285470	1.272476984194982e-13
2.250000000000000e-06	1.000000000000000e-05	195942783006535.9	0.9948958218271228	5.379336770643395	1.272476984194982e-13
2.250000000000000e-06	1.200000000000000e-05	191560676038338.7	0.9958048289575778	2.810963727186650	1.526972381033979e-13
2.250000000000000e-06	1.200000000000000e-05	193751729522437.3	0.9959299648069813	2.740925179084897	1.526972381033979e-13
2.250000000000000e-06	1.200000000000000e-05	195942783006535.9	0.9961544289983332	2.670966462896457	1.526972381033979e-13
2.250000000000000e-06	1.400000000000000e-05	191560676038338.7	0.9985070486074785	0.1350998688742995	1.781467777872975e-13
2.250000000000000e-06	1.400000000000000e-05	193751729522437.3	0.9978948601422002	0.05375980323580479	1.781467777872975e-13
2.250000000000000e-06	1.400000000000000e-05	195942783006535.9	0.9971922262146199	-0.02767837307961063	1.781467777872975e-13
2.250000000000000e-06	1.600000000000000e-05	191560676038338.7	0.9982654230027873	3.738323931572239	2.035963174711972e-13
2.250000000000000e-06	1.600000000000000e-05	193751729522437.3	0.9983347683050589	3.645060362042157	2.035963174711972e-13
2.250000000000000e-06	1.600000000000000e-05	195942783006535.9	0.9983808976978550	3.551871790211270	2.035963174711972e-13
2.250000000000000e-06	1.800000000000000e-05	191560676038338.7	0.9977820278346019	1.063125809788025	2.290458571550968e-13
2.250000000000000e-06	1.800000000000000e-05	193751729522437.3	0.9973882108444719	0.9577895636039881	2.290458571550968e-13
2.250000000000000e-06	1.800000000000000e-05	195942783006535.9	0.9970797201429159	0.8524001069589850	2.290458571550968e-13
2.250000000000000e-06	2.000000000000001e-05	191560676038338.7	0.9993548003781830	4.669578659473071	2.544953968389965e-13
2.250000000000000e-06	2.000000000000001e-05	193751729522437.3	0.9990444859549841	4.552989369330661	2.544953968389965e-13
2.250000000000000e-06	2.000000000000001e-05	195942783006535.9	0.9986713248862966	4.436367752447532	2.544953968389965e-13
4.000000000000000e-06	1.000000000000000e-05	191560676038338.7	0.9648422421770790	0.9909742546325544	1.269351775676569e-13
4.000000000000000e-06	1.000000000000000e-05	193751729522437.3	0.9598325706800149	0.9201800712931386	1.269351775676569e-13
4.000000000000000e-06	1.000000000000000e-05	195942783006535.9	0.9546960732230022	0.8494249951943484	1.269351775676569e-13
4.000000000000000e-06	1.200000000000000e-05	191560676038338.7	0.9709318534533528	4.855231089741991	1.523222130811883e-13
4.000000000000000e-06	1.200000000000000e-05	193751729522437.3	0.9733392377041589	4.768091944432965	1.523222130811883e-13
4.000000000000000e-06	1.200000000000000e-05	195942783006535.9	0.9755077762531084	4.682011075059502	1.523222130811883e-13
4.000000000000000e-06	1.400000000000000e-05	191560676038338.7	0.9348948845684139	2.506203333761897	1.777092485947197e-13
4.000000000000000e-06	1.400000000000000e-05	193751729522437.3	0.9344304810733124	2.395094532623554	1.777092485947197e-13
4.000000000000000e-06	1.400000000000000e-05	195942783006535.9	0.9349354012682018	2.285224074675345	1.777092485947197e-13
4.000000000000000e-06	1.600000000000000e-05	191560676038338.7	0.9591058396834756	0.1885481750591791	2.030962841082511e-13
4.000000000000000e-06	1.600000000000000e-05	193751729522437.3	0.9514972411803362	0.06572094004959642	2.030962841082511e-13
4.000000000000000e-06	1.600000000000000e-05	195942783006535.9	0.9448438493788983	-0.05721662865085442	2.030962841082511e-13
4.000000000000000e-06	1.800000000000000e-05	191560676038338.7	0.9936703257054454	4.085534172821875	2.284833196217824e-13
4.000000000000000e-06	1.800000000000000e-05	193751729522437.3	0.9932048639135708	3.955593374987098	2.284833196217824e-13
4.000000000000000e-06	1.800000000000000e-05	195942783006535.9	0.9904513925286035	3.826583841959609	2.284833196217824e-13
4.000000000000000e-06	2.000000000000001e-05	191560676038338.7	0.9590108053481264	1.710464482982393	2.538703551353139e-13
4.000000000000000e-06	2.000000000000001e-05	193751729522437.3	0.9649244224312010	1.554772302675349	2.538703551353139e-13
4.000000000000000e-06	2.000000000000001e-05	195942783006535.9	0.9707842170662386	1.402647823763720	2.538703551353139e-13
("port 2","TE",1,"port 1",1,"transmission","width_opt_2;wg_length")
(54,6)
5.000000000000000e-07	1.000000000000000e-05	191560676038338.7	0.9999999999999930	5.423787412434337	1.350710367765529e-13
5.000000000000000e-07	1.000000000000000e-05	193751729522437.3	1.000000000000010	5.425476780217314	1.350710367765529e-13
5.000000000000000e-07	1.000000000000000e-05	195942783006535.9	1.000000000000002	5.423777339709813	1.350710367765529e-13
5.000000000000000e-07	1.200000000000000e-05	191560676038338.7	0.9999999999999937	0.2253595877416097	1.620852441318635e-13
5.000000000000000e-07	1.200000000000000e-05	193751729522437.3	1.000000000000009	0.2273868290811860	1.620852441318635e-13
5.000000000000000e-07	1.200000000000000e-05	195942783006535.9	1.000000000000002	0.2253475004721741	1.620852441318635e-13
5.000000000000000e-07	1.400000000000000e-05	191560676038338.7	0.9999999999999930	1.310117070228464	1.890994514871740e-13
5.000000000000000e-07	1.400000000000000e-05	193751729522437.3	1.000000000000010	1.312482185124638	1.890994514871740e-13
5.000000000000000e-07	1.400000000000000e-05	195942783006535.9	1.000000000000002	1.310102968414126	1.890994514871740e-13
5.000000000000000e-07	1.600000000000000e-05	191560676038338.7	0.9999999999999936	2.394874552715339	2.161136588424846e-13
5.000000000000000e-07	1.600000000000000e-05	193751729522437.3	1.000000000000010	2.397577541168096	2.161136588424846e-13
5.000000000000000e-07	1.600000000000000e-05	195942783006535.9	1.000000000000002	2.394858436356084	2.161136588424846e-13
5.000000000000000e-07	1.800000000000000e-05	191560676038338.7	0.9999999999999939	3.479632035202211	2.431278661977952e-13
5.000000000000000e-07	1.800000000000000e-05	193751729522437.3	1.000000000000010	3.482672897211575	2.431278661977952e-13
5.000000000000000e-07	1.800000000000000e-05	195942783006535.9	1.000000000000002	3.479613904298044	2.431278661977952e-13
5.000000000000000e-07	2.000000000000001e-05	191560676038338.7	0.9999999999999934	4.564389517689079	2.701420735531058e-13
5.000000000000000e-07	2.000000000000001e-05	193751729522437.3	1.000000000000010	4.567768253255031	2.701420735531058e-13
5.000000000000000e-07	2.000000000000001e-05	195942783006535.9	1.000000000000002	4.564369372240034	2.701420735531058e-13
2.250000000000000e-06	1.000000000000000e-05	191560676038338.7	0.9964858384662295	5.494992765310950	1.272476984194982e-13
2.250000000000000e-06	1.000000000000000e-05	193751729522437.3	0.9957213103362242	5.437241868285470	1.272476984194982e-13
2.250000000000000e-06	1.000000000000000e-05	195942783006535.9	0.9948958218271268	5.379336770643394	1.272476984194982e-13
2.250000000000000e-06	1.200000000000000e-05	191560676038338.7	0.9958048289575734	2.810963727186651	1.526972381033979e-13
2.250000000000000e-06	1.200000000000000e-05	193751729522437.3	0.9959299648069724	2.740925179084896	1.526972381033979e-13
2.250000000000000e-06	1.200000000000000e-05	195942783006535.9	0.9961544289983397	2.670966462896457	1.526972381033979e-13
2.250000000000000e-06	1.400000000000000e-05	191560676038338.7	0.9985070486074727	0.1350998688742990	1.781467777872975e-13
2.250000000000000e-06	1.400000000000000e-05	193751729522437.3	0.9978948601421911	0.05375980323580506	1.781467777872975e-13
2.250000000000000e-06	1.400000000000000e-05	195942783006535.9	0.9971922262146283	-0.02767837307961152	1.781467777872975e-13
2.250000000000000e-06	1.600000000000000e-05	191560676038338.7	0.9982654230027839	3.738323931572239	2.035963174711972e-13
2.250000000000000e-06	1.600000000000000e-05	193751729522437.3	0.9983347683050482	3.645060362042157	2.035963174711972e-13
2.250000000000000e-06	1.600000000000000e-05	195942783006535.9	0.9983808976978592	3.551871790211270	2.035963174711972e-13
2.250000000000000e-06	1.800000000000000e-05	191560676038338.7	0.9977820278346000	1.063125809788024	2.290458571550968e-13
2.250000000000000e-06	1.800000000000000e-05	193751729522437.3	0.9973882108444660	0.9577895636039878	2.290458571550968e-13
2.250000000000000e-06	1.800000000000000e-05	195942783006535.9	0.9970797201429183	0.8524001069589842	2.290458571550968e-13
2.250000000000000e-06	2.000000000000001e-05	191560676038338.7	0.9993548003781794	4.669578659473071	2.544953968389965e-13
2.250000000000000e-06	2.000000000000001e-05	193751729522437.3	0.9990444859549763	4.552989369330661	2.544953968389965e-13
2.250000000000000e-06	2.000000000000001e-05	195942783006535.9	0.9986713248863005	4.436367752447532	2.544953968389965e-13
4.000000000000000e-06	1.000000000000000e-05	191560676038338.7	0.9648422421770659	0.9909742546324072	1.269351775676569e-13
4.000000000000000e-06	1.000000000000000e-05	193751729522437.3	0.9598325706800539	0.9201800712927369	1.269351775676569e-13
4.000000000000000e-06	1.000000000000000e-05	195942783006535.9	0.9546960732230179	0.8494249951941952	1.269351775676569e-13
4.000000000000000e-06	1.200000000000000e-05	191560676038338.7	0.9682637367375242	4.859939886633638	1.523222130811883e-13
4.000000000000000e-06	1.200000000000000e-05	193751729522437.3	0.9704812430103380	4.771568264801324	1.523222130811883e-13
4.000000000000000e-06	1.200000000000000e-05	195942783006535.9	0.9726478493179771	4.684320164867771	1.523222130811883e-13
4.000000000000000e-06	1.400000000000000e-05	191560676038338.7	0.9483874666944226	2.515936556630382	1.777092485947197e-13
4.000000000000000e-06	1.400000000000000e-05	193751729522437.3	0.9464734386007247	2.406148444485055	1.777092485947197e-13
4.000000000000000e-06	1.400000000000000e-05	195942783006535.9	0.9451434850738371	2.297089502887752	1.777092485947197e-13
4.000000000000000e-06	1.600000000000000e-05	191560676038338.7	0.9739385421285408	0.1772160110152270	2.030962841082511e-13
4.000000000000000e-06	1.600000000000000e-05	193751729522437.3	0.9692729523254002	0.05622084478437467	2.030962841082511e-13
4.000000000000000e-06	1.600000000000000e-05	195942783006535.9	0.9646544484869511	-0.06442550333226826	2.030962841082511e-13
4.000000000000000e-06	1.800000000000000e-05	191560676038338.7	0.9898453252122040	4.086948747905101	2.284833196217824e-13
4.000000000000000e-06	1.800000000000000e-05	193751729522437.3	0.9895579450023252	3.952638281250564	2.284833196217824e-13
4.000000000000000e-06	1.800000000000000e-05	195942783006535.9	0.9884409476918221	3.819502768815431	2.284833196217824e-13
4.000000000000000e-06	2.000000000000001e-05	191560676038338.7	0.9815604356350134	1.727472461077590	2.538703551353139e-13
4.000000000000000e-06	2.000000000000001e-05	193751729522437.3	0.9823014625205473	1.574522499943107	2.538703551353139e-13
4.000000000000000e-06	2.000000000000001e-05	195942783006535.9	0.9832416006351090	1.423086440186775	2.538703551353139e-13
("port 2","TE",1,"port 2",1,"transmission","width_opt_2;wg_length")
(54,6)
5.000000000000000e-07	1.000000000000000e-05	191560676038338.7	1.067402563263338e-20	0.04972318621878349	0.000000000000000
5.000000000000000e-07	1.000000000000000e-05	193751729522437.3	2.931943462629314e-20	0.2149843291813063	0.000000000000000
5.000000000000000e-07	1.000000000000000e-05	195942783006535.9	6.874891048217136e-19	1.956900367874606	0.000000000000000
5.000000000000000e-07	1.200000000000000e-05	191560676038338.7	4.995439778702858e-20	5.996342727228311	0.000000000000000
5.000000000000000e-07	1.200000000000000e-05	193751729522437.3	6.775506895076902e-20	7.381305986594588	0.000000000000000
5.000000000000000e-07	1.200000000000000e-05	195942783006535.9	1.635398576015428e-18	6.358499247883502	0.000000000000000
5.000000000000000e-07	1.400000000000000e-05	191560676038338.7	3.762977251836659e-20	1.848416329491023	0.000000000000000
5.000000000000000e-07	1.400000000000000e-05	193751729522437.3	6.596298276362757e-21	1.312482185152700	0.000000000000000
5.000000000000000e-07	1.400000000000000e-05	195942783006535.9	2.099292878903342e-21	0.7718037092772174	0.000000000000000
5.000000000000000e-07	1.600000000000000e-05	191560676038338.7	3.893745560746548e-18	5.811843007647824	0.000000000000000
5.000000000000000e-07	1.600000000000000e-05	193751729522437.3	2.483567996176293e-20	4.864003490105993	0.000000000000000
5.000000000000000e-07	1.600000000000000e-05	195942783006535.9	1.698344158769905e-20	3.864937052016693	0.000000000000000
5.000000000000000e-07	1.800000000000000e-05	191560676038338.7	9.058090010198703e-20	0.1094863081641551	0.000000000000000
5.000000000000000e-07	1.800000000000000e-05	193751729522437.3	2.080361758555647e-21	-1.611215999488908	0.000000000000000
5.000000000000000e-07	1.800000000000000e-05	195942783006535.9	5.905114055809380e-20	-2.955477240947698	0.000000000000000
5.000000000000000e-07	2.000000000000001e-05	191560676038338.7	1.094852672504394e-19	3.051478555422300	0.000000000000000
5.000000000000000e-07	2.000000000000001e-05	193751729522437.3	7.241599005019757e-21	5.039635326805251	0.000000000000000
5.000000000000000e-07	2.000000000000001e-05	195942783006535.9	5.461944604826938e-20	2.847367230732658	0.000000000000000
2.250000000000000e-06	1.000000000000000e-05	191560676038338.7	3.809925371590665e-16	3.773338355853343	0.000000000000000
2.250000000000000e-06	1.000000000000000e-05	193751729522437.3	5.956261952827016e-16	6.464897305867996	0.000000000000000
2.250000000000000e-06	1.000000000000000e-05	195942783006535.9	4.229370748028070e-16	6.201285690904406	0.000000000000000
2.250000000000000e-06	1.200000000000000e-05	191560676038338.7	5.874963766078504e-16	5.291758646937125	0.000000000000000
2.250000000000000e-06	1.200000000000000e-05	193751729522437.3	1.053033044449333e-15	5.996389329839089	0.000000000000000
2.250000000000000e-06	1.200000000000000e-05	195942783006535.9	2.459825811867165e-16	6.188270927823865	0.000000000000000
2.250000000000000e-06	1.400000000000000e-05	191560676038338.7	1.517898773522494e-15	3.780819539585838	0.000000000000000
2.250000000000000e-06	1.400000000000000e-05	193751729522437.3	9.097675667011170e-16	3.222305629894411	0.000000000000000
2.250000000000000e-06	1.400000000000000e-05	195942783006535.9	5.190489281228245e-16	5.727756454362570	0.000000000000000
2.250000000000000e-06	1.600000000000000e-05	191560676038338.7	6.338687810688270e-16	2.336986507247673	0.000000000000000
2.250000000000000e-06	1.600000000000000e-05	193751729522437.3	6.260719895274594e-16	0.2126340531622477	0.000000000000000
2.250000000000000e-06	1.600000000000000e-05	195942783006535.9	7.648876082651766e-16	1.809400931286390	0.000000000000000
2.250000000000000e-06	1.800000000000000e-05	191560676038338.7	7.951647387519531e-16	2.986752369489232	0.000000000000000
2.250000000000000e-06	1.800000000000000e-05	193751729522437.3	2.449599174471284e-16	2.761907654976574	0.000000000000000
2.250000000000000e-06	1.800000000000000e-05	195942783006535.9	5.416079536374231e-16	3.904030171071885	0.000000000000000
2.250000000000000e-06	2.000000000000001e-05	191560676038338.7	5.430629734580958e-16	6.202037991681748	0.000000000000000
2.250000000000000e-06	2.000000000000001e-05	193751729522437.3	4.105945402750132e-16	5.729832554305862	0.000000000000000
2.250000000000000e-06	2.000000000000001e-05	195942783006535.9	4.335484491589963e-16	6.351879194084490	0.000000000000000
4.000000000000000e-06	1.000000000000000e-05	191560676038338.7	4.976215353844432e-16	1.413413299959080	0.000000000000000
4.000000000000000e-06	1.000000000000000e-05	193751729522437.3	5.400473481618747e-16	4.181979709720607	0.000000000000000
4.000000000000000e-06	1.000000000000000e-05	195942783006535.9	1.206778304913704e-15	6.740665351044640	0.000000000000000
4.000000000000000e-06	1.200000000000000e-05	191560676038338.7	5.668354966695991e-16	5.424612025014889	0.000000000000000
4.000000000000000e-06	1.200000000000000e-05	193751729522437.3	6.907133223205825e-16	3.809950412398177	0.000000000000000
4.000000000000000e-06	1.200000000000000e-05	195942783006535.9	5.087530540629270e-16	5.446909494625348	0.000000000000000
4.000000000000000e-06	1.400000000000000e-05	191560676038338.7	9.237987104294740e-16	2.642287300517051	0.000000000000000
4.000000000000000e-06	1.400000000000000e-05	193751729522437.3	3.445405528457641e-16	0.1990920573163908	0.000000000000000
4.000000000000000e-06	1.400000000000000e-05	195942783006535.9	1.383500824201302e-15	-0.8519472312287162	0.000000000000000
4.000000000000000e-06	1.600000000000000e-05	191560676038338.7	5.216546052045576e-16	5.653575858664276	0.000000000000000
4.000000000000000e-06	1.600000000000000e-05	193751729522437.3	9.734682227267545e-16	3.845126780018858	0.000000000000000
4.000000000000000e-06	1.600000000000000e-05	195942783006535.9	3.898600985889908e-16	5.036105363008508	0.000000000000000
4.000000000000000e-06	1.800000000000000e-05	191560676038338.7	3.459765539128934e-16	3.404838788709593	0.000000000000000
4.000000000000000e-06	1.800000000000000e-05	193751729522437.3	9.236933163657447e-16	1.271154884703149	0.000000000000000
4.000000000000000e-06	1.800000000000000e-05	195942783006535.9	2.327348299705776e-16	-0.6312678173177124	0.000000000000000
4.000000000000000e-06	2.000000000000001e-05	191560676038338.7	2.278086310810830e-16	3.281525469962072	0.000000000000000
4.000000000000000e-06	2.000000000000001e-05	193751729522437.3	1.102012960245242e-15	5.269242237695017	0.000000000000000
4.000000000000000e-06	2.000000000000001e-05	195942783006535.9	1.120882302468167e-15	8.302196941357323	0.000000000000000
("port 1","TM",2,"port 1",2,"transmission","width_opt_2;wg_length")
(54,6)
5.000000000000000e-07	1.000000000000000e-05	191560676038338.7	8.670185713350519e-17	4.919163956407592	0.000000000000000
5.000000000000000e-07	1.000000000000000e-05	193751729522437.3	1.285301006829916e-16	6.906273418834599	0.000000000000000
5.000000000000000e-07	1.000000000000000e-05	195942783006535.9	8.888493579877515e-17	6.390328471482354	0.000000000000000
5.000000000000000e-07	1.200000000000000e-05	191560676038338.7	1.632882243737517e-16	3.898292981842551	0.000000000000000
5.000000000000000e-07	1.200000000000000e-05	193751729522437.3	8.021356224793587e-17	4.174837969087653	0.000000000000000
5.000000000000000e-07	1.200000000000000e-05	195942783006535.9	2.956071280071949e-16	4.004099978086095	0.000000000000000
5.000000000000000e-07	1.400000000000000e-05	191560676038338.7	3.375346825334813e-17	5.193430401881725	0.000000000000000
5.000000000000000e-07	1.400000000000000e-05	193751729522437.3	5.009278107384684e-18	7.549591599697807	0.000000000000000
5.000000000000000e-07	1.400000000000000e-05	195942783006535.9	3.922850329411416e-19	6.819506393417943	0.000000000000000
5.000000000000000e-07	1.600000000000000e-05	191560676038338.7	4.243800092810700e-17	0.2316871980435593	0.000000000000000
5.000000000000000e-07	1.600000000000000e-05	193751729522437.3	6.390788317307213e-16	-1.944021794962254	0.000000000000000
5.000000000000000e-07	1.600000000000000e-05	195942783006535.9	9.568908886393516e-17	-4.148167449529566	0.000000000000000
5.000000000000000e-07	1.800000000000000e-05	191560676038338.7	1.415179800971864e-17	1.212757235562065	0.000000000000000
5.000000000000000e-07	1.800000000000000e-05	193751729522437.3	2.250981661297499e-16	1.344699474559180	0.000000000000000
5.000000000000000e-07	1.800000000000000e-05	195942783006535.9	1.565302674690957e-16	2.231076375786648	0.000000000000000
5.000000000000000e-07	2.000000000000001e-05	191560676038338.7	5.112477576069847e-18	1.352876445430880	0.000000000000000
5.000000000000000e-07	2.000000000000001e-05	193751729522437.3	1.646732803134903e-16	3.289660753063437	0.000000000000000
5.000000000000000e-07	2.000000000000001e-05	195942783006535.9	2.382926851824543e-17	6.335049024992403	0.000000000000000
2.250000000000000e-06	1.000000000000000e-05	191560676038338.7	1.268826945131317e-15	1.723326267258515	0.000000000000000
2.250000000000000e-06	1.000000000000000e-05	193751729522437.3	1.762336202922160e-15	2.208308415380877	0.000000000000000
2.250000000000000e-06	1.000000000000000e-05	195942783006535.9	1.897724612885661e-15	-0.7514934387696881	0.000000000000000
2.250000000000000e-06	1.200000000000000e-05	191560676038338.7	1.573522017776799e-15	2.119910659840208	0.000000000000000
2.250000000000000e-06	1.200000000000000e-05	193751729522437.3	7.307728017289053e-16	-0.8562904820059876	0.000000000000000
2.250000000000000e-06	1.200000000000000e-05	195942783006535.9	2.431631705241612e-16	-3.088371595982068	0.000000000000000
2.250000000000000e-06	1.400000000000000e-05	191560676038338.7	8.493871224424501e-17	3.929280741748448	0.000000000000000
2.250000000000000e-06	1.400000000000000e-05	193751729522437.3	8.924884978652808e-16	4.308807789653198	0.000000000000000
2.250000000000000e-06	1.400000000000000e-05	195942783006535.9	4.133271476610378e-16	6.937983917845878	0.000000000000000
2.250000000000000e-06	1.600000000000000e-05	191560676038338.7	1.785914525162538e-15	4.168420540455553	0.000000000000000
2.250000000000000e-06	1.600000000000000e-05	193751729522437.3	2.714308446800599e-16	5.070181917555678	0.000000000000000
2.250000000000000e-06	1.600000000000000e-05	195942783006535.9	8.857794766254521e-16	6.758039644215992	0.000000000000000
2.250000000000000e-06	1.800000000000000e-05	191560676038338.7	7.267550322529591e-16	4.351192219230441	0.000000000000000
2.250000000000000e-06	1.800000000000000e-05	193751729522437.3	4.352388875834990e-16	1.925951351490077	0.000000000000000
2.250000000000000e-06	1.800000000000000e-05	195942783006535.9	8.601156021009640e-16	2.156670824147190	0.000000000000000
2.250000000000000e-06	2.000000000000001e-05	191560676038338.7	2.891761126000038e-16	4.323197677674137	0.000000000000000
2.250000000000000e-06	2.000000000000001e-05	193751729522437.3	1.133469250548973e-15	7.131878308181001	0.000000000000000
2.250000000000000e-06	2.000000000000001e-05	195942783006535.9	1.224281773469610e-15	7.268247293770434	0.000000000000000
4.000000000000000e-06	1.000000000000000e-05	191560676038338.7	3.410309659414246e-16	1.699124400357281	0.000000000000000
4.000000000000000e-06	1.000000000000000e-05	193751729522437.3	1.302763280319699e-16	2.243705992243104	0.000000000000000
4.000000000000000e-06	1.000000000000000e-05	195942783006535.9	6.882880548979736e-16	1.512569030255723	0.000000000000000
4.000000000000000e-06	1.200000000000000e-05	191560676038338.7	1.229456045813592e-16	5.266732477155694	0.000000000000000
4.000000000000000e-06	1.200000000000000e-05	193751729522437.3	2.054731201281382e-16	3.688387557704054	0.000000000000000
4.000000000000000e-06	1.200000000000000e-05	195942783006535.9	1.465258332727974e-15	2.631046393839174	0.000000000000000
4.000000000000000e-06	1.400000000000000e-05	191560676038338.7	7.127487930425138e-16	1.962004737795098	0.000000000000000
4.000000000000000e-06	1.400000000000000e-05	193751729522437.3	2.999451453341124e-16	2.605165663066885	0.000000000000000
4.000000000000000e-06	1.400000000000000e-05	195942783006535.9	2.228155981067944e-16	3.285484773439370	0.000000000000000
4.000000000000000e-06	1.600000000000000e-05	191560676038338.7	4.690730767736843e-16	1.115829589853258	0.000000000000000
4.000000000000000e-06	1.600000000000000e-05	193751729522437.3	5.554173456260724e-16	1.485296927361003	0.000000000000000
4.000000000000000e-06	1.600000000000000e-05	195942783006535.9	2.929696995503624e-16	3.172140651381015	0.000000000000000
4.000000000000000e-06	1.800000000000000e-05	191560676038338.7	1.115304528421652e-15	0.7255666960782463	0.000000000000000
4.000000000000000e-06	1.800000000000000e-05	193751729522437.3	7.271220332800743e-16	-0.8528847228101739	0.000000000000000
4.000000000000000e-06	1.800000000000000e-05	195942783006535.9	3.433185986171653e-16	-0.8231530737914650	0.000000000000000
4.000000000000000e-06	2.000000000000001e-05	191560676038338.7	1.328193519238953e-15	1.304630416213967	0.000000000000000
4.000000000000000e-06	2.000000000000001e-05	193751729522437.3	2.202732595570199e-15	-1.365466207343165	0.000000000000000
4.000000000000000e-06	2.000000000000001e-05	195942783006535.9	6.715650000531538e-16	-1.374692274568957	0.000000000000000
("port 1","TM",2,"port 2",2,"transmission","width_opt_2;wg_length")
(54,6)
5.000000000000000e-07	1.000000000000000e-05	191560676038338.7	1.000000000000005	3.617469344707747	1.237086769518187e-13
5.000000000000000e-07	1.000000000000000e-05	193751729522437.3	1.000000000000013	3.597369626304177	1.237086769518187e-13
5.000000000000000e-07	1.000000000000000e-05	195942783006535.9	1.000000000000032	3.616802943280585	1.237086769518187e-13
5.000000000000000e-07	1.200000000000000e-05	191560676038338.7	1.000000000000010	5.597600275085203	1.484504123421824e-13
5.000000000000000e-07	1.200000000000000e-05	193751729522437.3	1.000000000000009	5.573480613000921	1.484504123421824e-13
5.000000000000000e-07	1.200000000000000e-05	195942783006535.9	1.000000000000006	5.596800593372617	1.484504123421824e-13
5.000000000000000e-07	1.400000000000000e-05	191560676038338.7	1.000000000000018	1.294545898283070	1.731921477325461e-13
5.000000000000000e-07	1.400000000000000e-05	193751729522437.3	1.000000000000016	1.266406292518076	1.731921477325461e-13
5.000000000000000e-07	1.400000000000000e-05	195942783006535.9	1.000000000000004	1.293612936285040	1.731921477325461e-13
5.000000000000000e-07	1.600000000000000e-05	191560676038338.7	1.000000000000008	3.274676828660544	1.979338831229099e-13
5.000000000000000e-07	1.600000000000000e-05	193751729522437.3	1.000000000000008	3.242517279214840	1.979338831229099e-13
5.000000000000000e-07	1.600000000000000e-05	195942783006535.9	1.000000000000007	3.273610586377089	1.979338831229099e-13
5.000000000000000e-07	1.800000000000000e-05	191560676038338.7	1.000000000000012	5.254807759038020	2.226756185132737e-13
5.000000000000000e-07	1.800000000000000e-05	193751729522437.3	1.000000000000012	5.218628265911603	2.226756185132737e-13
5.000000000000000e-07	1.800000000000000e-05	195942783006535.9	1.000000000000024	5.253608236469121	2.226756185132737e-13
5.000000000000000e-07	2.000000000000001e-05	191560676038338.7	1.000000000000009	0.9517533822359021	2.474173539036374e-13
5.000000000000000e-07	2.000000000000001e-05	193751729522437.3	1.000000000000011	0.9115539454287622	2.474173539036374e-13
5.000000000000000e-07	2.000000000000001e-05	195942783006535.9	1.000000000000021	0.9504205793815776	2.474173539036374e-13
2.250000000000000e-06	1.000000000000000e-05	191560676038338.7	0.9986789597344506	5.446157954363718	1.273975153225227e-13
2.250000000000000e-06	1.000000000000000e-05	193751729522437.3	0.9986269309101953	5.489719480686615	1.273975153225227e-13
2.250000000000000e-06	1.000000000000000e-05	195942783006535.9	0.9986446475210077	5.556355021445271	1.273975153225227e-13
2.250000000000000e-06	1.200000000000000e-05	191560676038338.7	0.9990633931380191	2.758640473779299	1.528770183870272e-13
2.250000000000000e-06	1.200000000000000e-05	193751729522437.3	0.9989691677887447	2.810235572493325	1.528770183870272e-13
2.250000000000000e-06	1.200000000000000e-05	195942783006535.9	0.9987784677263791	2.889424280052565	1.528770183870272e-13
2.250000000000000e-06	1.400000000000000e-05	191560676038338.7	0.9994028545194655	0.07247240621793605	1.783565214515317e-13
2.250000000000000e-06	1.400000000000000e-05	193751729522437.3	0.9992485836994738	0.1328001463520042	1.783565214515317e-13
2.250000000000000e-06	1.400000000000000e-05	195942783006535.9	0.9990662273345595	0.2254282682955013	1.783565214515317e-13
2.250000000000000e-06	1.600000000000000e-05	191560676038338.7	0.9999081607711146	3.670033728499604	2.038360245160363e-13
2.250000000000000e-06	1.600000000000000e-05	193751729522437.3	0.9999594304986806	3.738598447689958	2.038360245160363e-13
2.250000000000000e-06	1.600000000000000e-05	195942783006535.9	0.9999682626672163	3.844035257046790	2.038360245160363e-13
2.250000000000000e-06	1.800000000000000e-05	191560676038338.7	0.9996855102354120	0.9849534622993357	2.293155275805408e-13
2.250000000000000e-06	1.800000000000000e-05	193751729522437.3	0.9994832083937727	1.062155086309308	2.293155275805408e-13
2.250000000000000e-06	1.800000000000000e-05	195942783006535.9	0.9992478873078182	1.180859013129297	2.293155275805408e-13
2.250000000000000e-06	2.000000000000001e-05	191560676038338.7	1.000088451640436	4.583825497742293	2.547950306450454e-13
2.250000000000000e-06	2.000000000000001e-05	193751729522437.3	1.000087109666294	4.669659260118311	2.547950306450454e-13
2.250000000000000e-06	2.000000000000001e-05	195942783006535.9	1.000009115899456	4.801445344627044	2.547950306450454e-13
4.000000000000000e-06	1.000000000000000e-05	191560676038338.7	0.9737042444302553	0.6919860424630810	1.271539200954149e-13
4.000000000000000e-06	1.000000000000000e-05	193751729522437.3	0.9730282466080075	0.7382817757762676	1.271539200954149e-13
4.000000000000000e-06	1.000000000000000e-05	195942783006535.9	0.9725316764871987	0.8073071834534069	1.271539200954149e-13
4.000000000000000e-06	1.200000000000000e-05	191560676038338.7	0.9735377310805235	4.574721305358237	1.525847041144979e-13
4.000000000000000e-06	1.200000000000000e-05	193751729522437.3	0.9729541057675548	4.628516635022003	1.525847041144979e-13
4.000000000000000e-06	1.200000000000000e-05	195942783006535.9	0.9738585829126640	4.707577642806962	1.525847041144979e-13
4.000000000000000e-06	1.400000000000000e-05	191560676038338.7	0.9875048882600105	2.173460738626725	1.780154881335809e-13
4.000000000000000e-06	1.400000000000000e-05	193751729522437.3	0.9861666004851704	2.235039464614517	1.780154881335809e-13
4.000000000000000e-06	1.400000000000000e-05	195942783006535.9	0.9844495983140946	2.325549081919896	1.780154881335809e-13
4.000000000000000e-06	1.600000000000000e-05	191560676038338.7	0.9938277040344017	6.047821766163528	2.034462721526639e-13
4.000000000000000e-06	1.600000000000000e-05	193751729522437.3	0.9929770262718378	6.119599612052789	2.034462721526639e-13
4.000000000000000e-06	1.600000000000000e-05	195942783006535.9	0.9916093608755263	6.225536364738595	2.034462721526639e-13
4.000000000000000e-06	1.800000000000000e-05	191560676038338.7	0.9936290519172397	3.642373839516397	2.288770561717469e-13
4.000000000000000e-06	1.800000000000000e-05	193751729522437.3	0.9937861715494115	3.721357707458095	2.288770561717469e-13
4.000000000000000e-06	1.800000000000000e-05	195942783006535.9	0.9939911720846165	3.839542500650029	2.288770561717469e-13
4.000000000000000e-06	2.000000000000001e-05	191560676038338.7	0.9890031375807041	1.245567369587902	2.543078401908299e-13
4.000000000000000e-06	2.000000000000001e-05	193751729522437.3	0.9885780857275828	1.332475677385510	2.543078401908299e-13
4.000000000000000e-06	2.000000000000001e-05	195942783006535.9	0.9885791043772446	1.462111362308639	2.543078401908299e-13
("port 2","TM",2,"port 1",2,"transmission","width_opt_2;wg_length")
(54,6)
5.000000000000000e-07	1.000000000000000e-05	191560676038338.7	1.000000000000018	3.617469344707747	1.237086769518187e-13
5.000000000000000e-07	1.000000000000000e-05	193751729522437.3	1.000000000000024	3.597369626304177	1.237086769518187e-13
5.000000000000000e-07	1.000000000000000e-05	195942783006535.9	0.9999999999999954	3.616802943280585	1.237086769518187e-13
5.000000000000000e-07	1.200000000000000e-05	191560676038338.7	1.000000000000029	5.597600275085203	1.484504123421824e-13
5.000000000000000e-07	1.200000000000000e-05	193751729522437.3	1.000000000000027	5.573480613000921	1.484504123421824e-13
5.000000000000000e-07	1.200000000000000e-05	195942783006535.9	1.000000000000017	5.596800593372617	1.484504123421824e-13
5.000000000000000e-07	1.400000000000000e-05	191560676038338.7	1.000000000000014	1.294545898283070	1.731921477325461e-13
5.000000000000000e-07	1.400000000000000e-05	193751729522437.3	1.000000000000026	1.266406292518077	1.731921477325461e-13
5.000000000000000e-07	1.400000000000000e-05	195942783006535.9	1.000000000000012	1.293612936285040	1.731921477325461e-13
5.000000000000000e-07	1.600000000000000e-05	191560676038338.7	1.000000000000020	3.274676828660544	1.979338831229099e-13
5.000000000000000e-07	1.600000000000000e-05	193751729522437.3	1.000000000000022	3.242517279214840	1.979338831229099e-13
5.000000000000000e-07	1.600000000000000e-05	195942783006535.9	1.000000000000012	3.273610586377089	1.979338831229099e-13
5.000000000000000e-07	1.800000000000000e-05	191560676038338.7	1.000000000000024	5.254807759038020	2.226756185132737e-13
5.000000000000000e-07	1.800000000000000e-05	193751729522437.3	1.000000000000024	5.218628265911603	2.226756185132737e-13
5.000000000000000e-07	1.800000000000000e-05	195942783006535.9	1.000000000000002	5.253608236469121	2.226756185132737e-13
5.000000000000000e-07	2.000000000000001e-05	191560676038338.7	1.000000000000024	0.9517533822359021	2.474173539036374e-13
5.000000000000000e-07	2.000000000000001e-05	193751729522437.3	1.000000000000022	0.9115539454287619	2.474173539036374e-13
5.000000000000000e-07	2.000000000000001e-05	195942783006535.9	0.9999999999999951	0.9504205793815776	2.474173539036374e-13
2.250000000000000e-06	1.000000000000000e-05	191560676038338.7	0.9986789597344574	5.446157954363719	1.273975153225227e-13
2.250000000000000e-06	1.000000000000000e-05	193751729522437.3	0.9986269309101897	5.489719480686613	1.273975153225227e-13
2.250000000000000e-06	1.000000000000000e-05	195942783006535.9	0.9986446475210078	5.556355021445272	1.273975153225227e-13
2.250000000000000e-06	1.200000000000000e-05	191560676038338.7	0.9990633931380243	2.758640473779297	1.528770183870272e-13
2.250000000000000e-06	1.200000000000000e-05	193751729522437.3	0.9989691677887451	2.810235572493327	1.528770183870272e-13
2.250000000000000e-06	1.200000000000000e-05	195942783006535.9	0.9987784677263747	2.889424280052565	1.528770183870272e-13
2.250000000000000e-06	1.400000000000000e-05	191560676038338.7	0.9994028545194823	0.07247240621793605	1.783565214515317e-13
2.250000000000000e-06	1.400000000000000e-05	193751729522437.3	0.9992485836994736	0.1328001463520020	1.783565214515317e-13
2.250000000000000e-06	1.400000000000000e-05	195942783006535.9	0.9990662273345580	0.2254282682955013	1.783565214515317e-13
2.250000000000000e-06	1.600000000000000e-05	191560676038338.7	0.9999081607711192	3.670033728499602	2.038360245160363e-13
2.250000000000000e-06	1.600000000000000e-05	193751729522437.3	0.9999594304986767	3.738598447689958	2.038360245160363e-13
2.250000000000000e-06	1.600000000000000e-05	195942783006535.9	0.9999682626672152	3.844035257046790	2.038360245160363e-13
2.250000000000000e-06	1.800000000000000e-05	191560676038338.7	0.9996855102354305	0.9849534622993361	2.293155275805408e-13
2.250000000000000e-06	1.800000000000000e-05	193751729522437.3	0.9994832083937740	1.062155086309309	2.293155275805408e-13
2.250000000000000e-06	1.800000000000000e-05	195942783006535.9	0.9992478873078227	1.180859013129296	2.293155275805408e-13
2.250000000000000e-06	2.000000000000001e-05	191560676038338.7	1.000088451640444	4.583825497742293	2.547950306450454e-13
2.250000000000000e-06	2.000000000000001e-05	193751729522437.3	1.000087109666298	4.669659260118311	2.547950306450454e-13
2.250000000000000e-06	2.000000000000001e-05	195942783006535.9	1.000009115899460	4.801445344627044	2.547950306450454e-13
4.000000000000000e-06	1.000000000000000e-05	191560676038338.7	0.9737042444302589	0.6919860424630837	1.271539200954149e-13
4.000000000000000e-06	1.000000000000000e-05	193751729522437.3	0.9730282466079787	0.7382817757762958	1.271539200954149e-13
4.000000000000000e-06	1.000000000000000e-05	195942783006535.9	0.9725316764871919	0.8073071834533865	1.271539200954149e-13
4.000000000000000e-06	1.200000000000000e-05	191560676038338.7	0.9735377310805160	4.574721305358231	1.525847041144979e-13
4.000000000000000e-06	1.200000000000000e-05	193751729522437.3	0.9729541057675757	4.628516635022010	1.525847041144979e-13
4.000000000000000e-06	1.200000000000000e-05	195942783006535.9	0.9738585829126287	4.707577642806958	1.525847041144979e-13
4.000000000000000e-06	1.400000000000000e-05	191560676038338.7	0.9875048882599996	2.173460738626725	1.780154881335809e-13
4.000000000000000e-06	1.400000000000000e-05	193751729522437.3	0.9861666004851781	2.235039464614496	1.780154881335809e-13
4.000000000000000e-06	1.400000000000000e-05	195942783006535.9	0.9844495983140870	2.325549081919907	1.780154881335809e-13
4.000000000000000e-06	1.600000000000000e-05	191560676038338.7	0.9938277040344045	6.047821766163528	2.034462721526639e-13
4.000000000000000e-06	1.600000000000000e-05	193751729522437.3	0.9929770262718136	6.119599612052784	2.034462721526639e-13
4.000000000000000e-06	1.600000000000000e-05	195942783006535.9	0.9916093608755217	6.225536364738598	2.034462721526639e-13
4.000000000000000e-06	1.800000000000000e-05	191560676038338.7	0.9936290519172430	3.642373839516395	2.288770561717469e-13
4.000000000000000e-06	1.800000000000000e-05	193751729522437.3	0.9937861715494132	3.721357707458123	2.288770561717469e-13
4.000000000000000e-06	1.800000000000000e-05	195942783006535.9	0.9939911720846138	3.839542500650019	2.288770561717469e-13
4.000000000000000e-06	2.000000000000001e-05	191560676038338.7	0.9890031375806985	1.245567369587903	2.543078401908299e-13
4.000000000000000e-06	2.000000000000001e-05	193751729522437.3	0.9885780857275870	1.332475677385513	2.543078401908299e-13
4.000000000000000e-06	2.000000000000001e-05	195942783006535.9	0.9885791043772310	1.462111362308637	2.543078401908299e-13
("port 2","TM",2,"port 2",2,"transmission","width_opt_2;wg_length")
(54,6)
5.000000000000000e-07	1.000000000000000e-05	191560676038338.7	8.352610690233832e-17	2.052569523514070	0.000000000000000
5.000000000000000e-07	1.000000000000000e-05	193751729522437.3	1.244526035321727e-16	3.357951527842749	0.000000000000000
5.000000000000000e-07	1.000000000000000e-05	195942783006535.9	8.659603976938667e-17	1.020920026109380	0.000000000000000
5.000000000000000e-07	1.200000000000000e-05	191560676038338.7	1.645577299961100e-16	0.06627652201574374	0.000000000000000
5.000000000000000e-07	1.200000000000000e-05	193751729522437.3	9.548475062986017e-17	-2.451778061166391	0.000000000000000
5.000000000000000e-07	1.200000000000000e-05	195942783006535.9	2.964707558399517e-16	-4.415552365721139	0.000000000000000
5.000000000000000e-07	1.400000000000000e-05	191560676038338.7	2.933304638023073e-17	2.051837748291950	0.000000000000000
5.000000000000000e-07	1.400000000000000e-05	193751729522437.3	2.928128748711230e-19	1.266406292501124	0.000000000000000
5.000000000000000e-07	1.400000000000000e-05	195942783006535.9	2.031284143109448e-18	3.677913739861008	0.000000000000000
5.000000000000000e-07	1.600000000000000e-05	191560676038338.7	4.178133523812182e-17	4.016403416052478	0.000000000000000
5.000000000000000e-07	1.600000000000000e-05	193751729522437.3	6.292421649869253e-16	5.257053910500544	0.000000000000000
5.000000000000000e-07	1.600000000000000e-05	195942783006535.9	1.033028184651221e-16	6.813413608085771	0.000000000000000
5.000000000000000e-07	1.800000000000000e-05	191560676038338.7	2.083014144624905e-17	6.070424433758062	0.000000000000000
5.000000000000000e-07	1.800000000000000e-05	193751729522437.3	2.017507440366092e-16	6.006782505211937	0.000000000000000
5.000000000000000e-07	1.800000000000000e-05	195942783006535.9	1.608472293609723e-16	4.986443802454364	0.000000000000000
5.000000000000000e-07	2.000000000000001e-05	191560676038338.7	6.202872475933774e-18	3.193595640520434	0.000000000000000
5.000000000000000e-07	2.000000000000001e-05	193751729522437.3	1.308332999912732e-16	1.410328646838095	0.000000000000000
5.000000000000000e-07	2.000000000000001e-05	195942783006535.9	5.293875499368278e-17	-0.9180443272944494	0.000000000000000
2.250000000000000e-06	1.000000000000000e-05	191560676038338.7	1.344788089909419e-15	2.645516141328583	0.000000000000000
2.250000000000000e-06	1.000000000000000e-05	193751729522437.3	1.496261132569695e-15	5.663960956871930	0.000000000000000
2.250000000000000e-06	1.000000000000000e-05	195942783006535.9	1.630571671200109e-15	5.638051969797399	0.000000000000000
2.250000000000000e-06	1.200000000000000e-05	191560676038338.7	1.713333124642341e-15	2.306763132858053	0.000000000000000
2.250000000000000e-06	1.200000000000000e-05	193751729522437.3	1.859615220771874e-16	2.834475806229227	0.000000000000000
2.250000000000000e-06	1.200000000000000e-05	195942783006535.9	6.828428096844008e-17	5.718964533469431	0.000000000000000
2.250000000000000e-06	1.400000000000000e-05	191560676038338.7	1.021576836545121e-16	1.534332664881803	0.000000000000000
2.250000000000000e-06	1.400000000000000e-05	193751729522437.3	6.554376436894614e-16	-1.000874879687179	0.000000000000000
2.250000000000000e-06	1.400000000000000e-05	195942783006535.9	3.548751621391374e-16	0.8584394295709252	0.000000000000000
2.250000000000000e-06	1.600000000000000e-05	191560676038338.7	1.705860373733928e-15	0.7881255639727511	0.000000000000000
2.250000000000000e-06	1.600000000000000e-05	193751729522437.3	4.597448490311887e-16	-0.7742526583246114	0.000000000000000
2.250000000000000e-06	1.600000000000000e-05	195942783006535.9	8.943009449287256e-16	-2.403183414079682	0.000000000000000
2.250000000000000e-06	1.800000000000000e-05	191560676038338.7	5.994138240701314e-16	0.2978214463421036	0.000000000000000
2.250000000000000e-06	1.800000000000000e-05	193751729522437.3	2.017570290061841e-16	-2.745098420237805	0.000000000000000
2.250000000000000e-06	1.800000000000000e-05	195942783006535.9	6.708895679720946e-16	-2.910665223089212	0.000000000000000
2.250000000000000e-06	2.000000000000001e-05	191560676038338.7	2.289804238699899e-16	2.379462331904346	0.000000000000000
2.250000000000000e-06	2.000000000000001e-05	193751729522437.3	1.061646354416541e-15	-0.7496378510820234	0.000000000000000
2.250000000000000e-06	2.000000000000001e-05	195942783006535.9	1.262989434650113e-15	-0.4936827210420827	0.000000000000000
4.000000000000000e-06	1.000000000000000e-05	191560676038338.7	2.172159470179078e-16	4.675077336766381	0.000000000000000
4.000000000000000e-06	1.000000000000000e-05	193751729522437.3	4.193511819347710e-16	7.507533886131691	0.000000000000000
4.000000000000000e-06	1.000000000000000e-05	195942783006535.9	2.994350042195043e-16	6.483926963384933	0.000000000000000
4.000000000000000e-06	1.200000000000000e-05	191560676038338.7	5.816324630931069e-16	4.214323205733155	0.000000000000000
4.000000000000000e-06	1.200000000000000e-05	193751729522437.3	3.353580571770139e-16	4.872097117793365	0.000000000000000
4.000000000000000e-06	1.200000000000000e-05	195942783006535.9	1.235956981009528e-15	1.923627664478063	0.000000000000000
4.000000000000000e-06	1.400000000000000e-05	191560676038338.7	3.865519177311687e-16	0.9926424206990209	0.000000000000000
4.000000000000000e-06	1.400000000000000e-05	193751729522437.3	3.256245601745808e-16	1.211272860610154	0.000000000000000
4.000000000000000e-06	1.400000000000000e-05	195942783006535.9	7.225066717942446e-16	1.100398567804063	0.000000000000000
4.000000000000000e-06	1.600000000000000e-05	191560676038338.7	8.547903983171140e-16	1.592361214206573	0.000000000000000
4.000000000000000e-06	1.600000000000000e-05	193751729522437.3	7.014906151228713e-16	-1.491929740509927	0.000000000000000
4.000000000000000e-06	1.600000000000000e-05	195942783006535.9	3.259407926241348e-16	-1.623619489072905	0.000000000000000
4.000000000000000e-06	1.800000000000000e-05	191560676038338.7	1.584509851675040e-15	3.132158613445869	0.000000000000000
4.000000000000000e-06	1.800000000000000e-05	193751729522437.3	5.282653363334299e-16	4.720953581501308	0.000000000000000
4.000000000000000e-06	1.800000000000000e-05	195942783006535.9	3.291137802146897e-16	3.763553909585958	0.000000000000000
4.000000000000000e-06	2.000000000000001e-05	191560676038338.7	1.397832848633995e-15	3.395736650040867	0.000000000000000
4.000000000000000e-06	2.000000000000001e-05	193751729522437.3	1.436454814006254e-15	1.004609154943166	0.000000000000000
4.000000000000000e-06	2.000000000000001e-05	195942783006535.9	1.396961137149388e-15	2.016020565490756	0.000000000000000
