["port 1","LEFT"]
["port 2","RIGHT"]
["port 3","RIGHT"]
("port 1","mode 1",1,"port 1",1,"transmission",8.69109e-14)
(52, 3)
1.8737028625000000e+14 4.1199840703885153e-02 -1.1197123583552180e+00
1.8762521180952381e+14 4.1747366692180557e-02 -1.1546900622884477e+00
1.8788013736904762e+14 4.1875815095529977e-02 -1.1881045573611593e+00
1.8813506292857144e+14 4.1565772364482320e-02 -1.2244778889565071e+00
1.8838998848809525e+14 4.0904720567375978e-02 -1.2683613610889353e+00
1.8864491404761903e+14 4.0080980748832970e-02 -1.3232525993441180e+00
1.8889983960714284e+14 3.9348814057910887e-02 -1.3901833864445519e+00
1.8915476516666666e+14 3.8959797001118873e-02 -1.4664122034782958e+00
1.8940969072619047e+14 3.9072520960803873e-02 -1.5453676186111447e+00
1.8966461628571428e+14 3.9680135385934283e-02 -1.6187538278175442e+00
1.8991954184523809e+14 4.0600604146423011e-02 -1.6799020673524085e+00
1.9017446740476191e+14 4.1535867688139300e-02 -1.7261050340378452e+00
1.9042939296428572e+14 4.2162343906056658e-02 -1.7588568831207769e+00
1.9068431852380953e+14 4.2212549147605145e-02 -1.7828407401633863e+00
1.9093924408333334e+14 4.1532907742025081e-02 -1.8048825539211322e+00
1.9119416964285712e+14 4.0122067456596605e-02 -1.8333560670043323e+00
1.9144909520238094e+14 3.8157618791848355e-02 -1.8777565855553842e+00
1.9170402076190475e+14 3.6010588156198509e-02 -1.9474845592952783e+00
1.9195894632142856e+14 3.4224445439565578e-02 -2.0482416153198266e+00
1.9221387188095238e+14 3.3402220684224375e-02 -2.1755060067418208e+00
1.9246879744047619e+14 3.3965837010258404e-02 -2.3105375474472853e+00
1.9272372300000000e+14 3.5917596988444545e-02 -2.4283654018432062e+00
1.9297864855952381e+14 3.8841191183891698e-02 -2.5127807306012304e+00
1.9323357411904762e+14 4.2128204481337979e-02 -2.5616393680585090e+00
1.9348849967857144e+14 4.5197933420675608e-02 -2.5815757962882446e+00
1.9359660086208747e+14 4.6319488755570216e-02 -2.5835724730563805e+00
1.9363532405457916e+14 4.6686746000655928e-02 -2.5835724730563805e+00
1.9374342523809522e+14 4.7604269928324734e-02 -2.5819537198076254e+00
1.9399835079761903e+14 4.9066837323253773e-02 -2.5720095742840354e+00
1.9425327635714284e+14 4.9475270067029883e-02 -2.5602039428193053e+00
1.9450820191666666e+14 4.8887585516876733e-02 -2.5543508890667619e+00
1.9476312747619047e+14 4.7525535801520281e-02 -2.5616819198754803e+00
1.9501805303571428e+14 4.5759801585417495e-02 -2.5882714031624685e+00
1.9527297859523809e+14 4.4068017349405325e-02 -2.6373556386664734e+00
1.9552790415476191e+14 4.2941845644493035e-02 -2.7067388504888541e+00
1.9578282971428572e+14 4.2738754369271777e-02 -2.7872752496063558e+00
1.9603775527380953e+14 4.3538813531379755e-02 -2.8654506900410093e+00
1.9629268083333331e+14 4.5112141094993077e-02 -2.9295752072515215e+00
1.9654760639285712e+14 4.7026924494754201e-02 -2.9744125169830791e+00
1.9680253195238094e+14 4.8810553887391618e-02 -3.0011953445778126e+00
1.9705745751190475e+14 5.0072522564285210e-02 -3.0150862613634279e+00
1.9731238307142856e+14 5.0567841773617783e-02 -3.0228577654199436e+00
1.9756730863095238e+14 5.0219554169755334e-02 -3.0316145066287836e+00
1.9782223419047619e+14 4.9118547584391013e-02 -3.0481676582902568e+00
1.9807715975000000e+14 4.7506589714922796e-02 -3.0784430117400725e+00
1.9833208530952381e+14 4.5737567658711328e-02 -3.1264303418789567e+00
1.9858701086904762e+14 4.4206162220342446e-02 -3.1925827019939419e+00
1.9884193642857141e+14 4.3241419381675875e-02 -3.2724893190642450e+00
1.9909686198809522e+14 4.2994727673152863e-02 -3.3575391290541634e+00
1.9935178754761903e+14 4.3385870718703631e-02 -3.4383209006528515e+00
1.9960671310714284e+14 4.4150197200851254e-02 -3.5086481819109081e+00
1.9986163866666666e+14 4.4956097775215378e-02 -3.5673001617740994e+00
("port 1","mode 1",1,"port 2",1,"transmission",2.3623318458072540e-13)
(52, 3)
1.8737028625000000e+14 6.6500521218595510e-01 -9.5031814080812438e-01
1.8762521180952381e+14 6.6501033150695488e-01 -9.4953081827513142e-01
1.8788013736904762e+14 6.6501661990743199e-01 -9.4880732031239789e-01
1.8813506292857144e+14 6.6502301223733196e-01 -9.4813192568830074e-01
1.8838998848809525e+14 6.6502351958244588e-01 -9.4749063733903227e-01
1.8864491404761903e+14 6.6501012843638030e-01 -9.4687531451970286e-01
1.8889983960714284e+14 6.6497617778512874e-01 -9.4628394654122694e-01
1.8915476516666666e+14 6.6491845860773213e-01 -9.4571794850627211e-01
1.8940969072619047e+14 6.6483727685333804e-01 -9.4517869318858438e-01
1.8966461628571428e+14 6.6473493469774836e-01 -9.4466540632100426e-01
1.8991954184523809e+14 6.6461382666154567e-01 -9.4417533058406333e-01
1.9017446740476191e+14 6.6447529086674961e-01 -9.4370557081580708e-01
1.9042939296428572e+14 6.6431967044033446e-01 -9.4325515041433494e-01
1.9068431852380953e+14 6.6414722322084629e-01 -9.4282593606089915e-01
1.9093924408333334e+14 6.6395906419888506e-01 -9.4242198502803642e-01
1.9119416964285712e+14 6.6375744249091950e-01 -9.4204788583058474e-01
1.9144909520238094e+14 6.6354518251897809e-01 -9.4170717359862088e-01
1.9170402076190475e+14 6.6332467265282280e-01 -9.4140167473998904e-01
1.9195894632142856e+14 6.6309701706779123e-01 -9.4113192325320860e-01
1.9221387188095238e+14 6.6286177899556220e-01 -9.4089811347371999e-01
1.9246879744047619e+14 6.6261731745965102e-01 -9.4070083997119514e-01
1.9272372300000000e+14 6.6236136897267950e-01 -9.4054119719480955e-01
1.9297864855952381e+14 6.6209147754810627e-01 -9.4042037354525332e-01
1.9323357411904762e+14 6.6180512569651073e-01 -9.4033924349624964e-01
1.9348849967857144e+14 6.6149974763078268e-01 -9.4029837518116144e-01
1.9359660086208747e+14 6.6136390475981077e-01 -9.4029334695503686e-01
1.9363532405457916e+14 6.6131427441391133e-01 -9.4029334695503686e-01
1.9374342523809522e+14 6.6117294618294298e-01 -9.4029841802979852e-01
1.9399835079761903e+14 6.6082306535587987e-01 -9.4034038627578620e-01
1.9425327635714284e+14 6.6044990839138429e-01 -9.4042529388478491e-01
1.9450820191666666e+14 6.6005511830324426e-01 -9.4055303630449305e-01
1.9476312747619047e+14 6.5964180284464435e-01 -9.4072108584622471e-01
1.9501805303571428e+14 6.5921341560657098e-01 -9.4092397801826089e-01
1.9527297859523809e+14 6.5877245423245989e-01 -9.4115433075843680e-01
1.9552790415476191e+14 6.5831982495729324e-01 -9.4140527371697424e-01
1.9578282971428572e+14 6.5785548069310995e-01 -9.4167314131016977e-01
1.9603775527380953e+14 6.5738021333025842e-01 -9.4195877809331108e-01
1.9629268083333331e+14 6.5689765288958080e-01 -9.4226628062725615e-01
1.9654760639285712e+14 6.5641512309290118e-01 -9.4259936136526878e-01
1.9680253195238094e+14 6.5594237695810431e-01 -9.4295707836990450e-01
1.9705745751190475e+14 6.5548830876594300e-01 -9.4333148733376382e-01
1.9731238307142856e+14 6.5505698242054011e-01 -9.4370919588151303e-01
1.9756730863095238e+14 6.5464501547070986e-01 -9.4407693050419816e-01
1.9782223419047619e+14 6.5424201371491009e-01 -9.4442894123479226e-01
1.9807715975000000e+14 6.5383439396832255e-01 -9.4477261444827931e-01
1.9833208530952381e+14 6.5341116872327232e-01 -9.4512899090345437e-01
1.9858701086904762e+14 6.5296901722831957e-01 -9.4552707603913433e-01
1.9884193642857141e+14 6.5251399804564614e-01 -9.4599392951229244e-01
1.9909686198809522e+14 6.5205871692533790e-01 -9.4654494198447447e-01
1.9935178754761903e+14 6.5161601208360531e-01 -9.4717905135848102e-01
1.9960671310714284e+14 6.5119211372714858e-01 -9.4788152743310283e-01
1.9986163866666666e+14 6.5078273708008827e-01 -9.4863328143577130e-01
("port 1","mode 1",1,"port 3",1,"transmission",2.3622522373563991e-13)
(52, 3)
1.8737028625000000e+14 6.6515433141723446e-01 -9.4498025674554409e-01
1.8762521180952381e+14 6.6516059224125279e-01 -9.4420598457605076e-01
1.8788013736904762e+14 6.6516854720786245e-01 -9.4349493174957832e-01
1.8813506292857144e+14 6.6517684507742270e-01 -9.4283091497515370e-01
1.8838998848809525e+14 6.6517917343405308e-01 -9.4219968801002862e-01
1.8864491404761903e+14 6.6516721642319210e-01 -9.4159303950223283e-01
1.8889983960714284e+14 6.6513405862517350e-01 -9.4100900989183123e-01
1.8915476516666666e+14 6.6507628490085713e-01 -9.4044914288452519e-01
1.8940969072619047e+14 6.6499403493808806e-01 -9.3991500171862208e-01
1.8966461628571428e+14 6.6488948494873834e-01 -9.3940606948962802e-01
1.8991954184523809e+14 6.6476496012046626e-01 -9.3891991569312971e-01
1.9017446740476191e+14 6.6462181123903974e-01 -9.3845401965242914e-01
1.9042939296428572e+14 6.6446049481628300e-01 -9.3800777420543446e-01
1.9068431852380953e+14 6.6428148013168409e-01 -9.3758333955696727e-01
1.9093924408333334e+14 6.6408616241765417e-01 -9.3718492669255082e-01
1.9119416964285712e+14 6.6387709124628846e-01 -9.3681710525430317e-01
1.9144909520238094e+14 6.6365735961490324e-01 -9.3648322845576715e-01
1.9170402076190475e+14 6.6342955337769116e-01 -9.3618482347747778e-01
1.9195894632142856e+14 6.6319488629446322e-01 -9.3592207092347457e-01
1.9221387188095238e+14 6.6295294846584452e-01 -9.3569481684484479e-01
1.9246879744047619e+14 6.6270206218060146e-01 -9.3550335389621808e-01
1.9272372300000000e+14 6.6243988644217944e-01 -9.3534854141815860e-01
1.9297864855952381e+14 6.6216386645072300e-01 -9.3523140529408277e-01
1.9323357411904762e+14 6.6187137904677151e-01 -9.3515272996704257e-01
1.9348849967857144e+14 6.6155975775771236e-01 -9.3511306537078021e-01
1.9359660086208747e+14 6.6142121366792339e-01 -9.3510818020275976e-01
1.9363532405457916e+14 6.6137060629322897e-01 -9.3510818020275976e-01
1.9374342523809522e+14 6.6122652206746269e-01 -9.3511311300275723e-01
1.9399835079761903e+14 6.6086996371448026e-01 -9.3515400291804440e-01
1.9425327635714284e+14 6.6048987781351287e-01 -9.3523691357774796e-01
1.9450820191666666e+14 6.6008795220875438e-01 -9.3536192984761390e-01
1.9476312747619047e+14 6.5966739432978549e-01 -9.3552670953653383e-01
1.9501805303571428e+14 6.5923180670036907e-01 -9.3572594076112958e-01
1.9527297859523809e+14 6.5878387320840881e-01 -9.3595233585340754e-01
1.9552790415476191e+14 6.5832470657370534e-01 -9.3619904084363037e-01
1.9578282971428572e+14 6.5785446454028418e-01 -9.3646231588759454e-01
1.9603775527380953e+14 6.5737411557136294e-01 -9.3674283891078347e-01
1.9629268083333331e+14 6.5688740881121521e-01 -9.3704446275165942e-01
1.9654760639285712e+14 6.5640170394048103e-01 -9.3737061661662435e-01
1.9680253195238094e+14 6.5592669398200820e-01 -9.3772009458589778e-01
1.9705745751190475e+14 6.5547112646226191e-01 -9.3808477599077766e-01
1.9731238307142856e+14 6.5503886607995976e-01 -9.3845123637853800e-01
1.9756730863095238e+14 6.5462633123066916e-01 -9.3880633607912767e-01
1.9782223419047619e+14 6.5422298264751499e-01 -9.3914459752257673e-01
1.9807715975000000e+14 6.5381518109153836e-01 -9.3947374674706929e-01
1.9833208530952381e+14 6.5339197259939719e-01 -9.3981514205367245e-01
1.9858701086904762e+14 6.5295012472055736e-01 -9.4019801435137706e-01
1.9884193642857141e+14 6.5249578471805680e-01 -9.4064953812043317e-01
1.9909686198809522e+14 6.5204160057629645e-01 -9.4118515007710757e-01
1.9935178754761903e+14 6.5160039212988508e-01 -9.4180384653206095e-01
1.9960671310714284e+14 6.5117833918305223e-01 -9.4249104481299373e-01
1.9986163866666666e+14 6.5077113401254316e-01 -9.4322791972878306e-01
("port 2","mode 1",1,"port 1",1,"transmission",2.3619781990038770e-13)
(52, 3)
1.8737028625000000e+14 6.6570539381566662e-01 -9.5256119723668120e-01
1.8762521180952381e+14 6.6571190381049072e-01 -9.5167383349484624e-01
1.8788013736904762e+14 6.6571380506327060e-01 -9.5083248384174890e-01
1.8813506292857144e+14 6.6570975746562144e-01 -9.5003621766409674e-01
1.8838998848809525e+14 6.6569850245545159e-01 -9.4928212389634181e-01
1.8864491404761903e+14 6.6567841944900563e-01 -9.4856607121154324e-01
1.8889983960714284e+14 6.6564739527934103e-01 -9.4788382869399312e-01
1.8915476516666666e+14 6.6560307194307422e-01 -9.4723213389945049e-01
1.8940969072619047e+14 6.6554336147333271e-01 -9.4660932408033072e-01
1.8966461628571428e+14 6.6546699139891208e-01 -9.4601533545611161e-01
1.8991954184523809e+14 6.6537382430246761e-01 -9.4545114173739486e-01
1.9017446740476191e+14 6.6526478856987270e-01 -9.4491793126726220e-01
1.9042939296428572e+14 6.6514142304006119e-01 -9.4441641453827307e-01
1.9068431852380953e+14 6.6500520315244183e-01 -9.4394657307628949e-01
1.9093924408333334e+14 6.6485690848582468e-01 -9.4350794545301031e-01
1.9119416964285712e+14 6.6469627193154623e-01 -9.4310029350875124e-01
1.9144909520238094e+14 6.6452202914767766e-01 -9.4272431386406719e-01
1.9170402076190475e+14 6.6433231771955137e-01 -9.4238203436408308e-01
1.9195894632142856e+14 6.6412523300530946e-01 -9.4207667213641799e-01
1.9221387188095238e+14 6.6389929377993639e-01 -9.4181196746516027e-01
1.9246879744047619e+14 6.6365362765475866e-01 -9.4159123945891809e-01
1.9272372300000000e+14 6.6338782661187135e-01 -9.4141653214723731e-01
1.9297864855952381e+14 6.6310158242103301e-01 -9.4128817876521165e-01
1.9323357411904762e+14 6.6279431749983631e-01 -9.4120492646427301e-01
1.9348849967857144e+14 6.6246503071414542e-01 -9.4116451727326633e-01
1.9359660086208747e+14 6.6231844227335368e-01 -9.4115969525148668e-01
1.9363532405457916e+14 6.6226489615354234e-01 -9.4115969525148646e-01
1.9374342523809522e+14 6.6211247762825798e-01 -9.4116442488896723e-01
1.9399835079761903e+14 6.6173564584628441e-01 -9.4120238950388768e-01
1.9425327635714284e+14 6.6133434046901596e-01 -9.4127650090335890e-01
1.9450820191666666e+14 6.6090962942593923e-01 -9.4138480548203485e-01
1.9476312747619047e+14 6.6046394534444586e-01 -9.4152465372796734e-01
1.9501805303571428e+14 6.6000078121639805e-01 -9.4169215038317511e-01
1.9527297859523809e+14 6.5952409004678991e-01 -9.4188205024606542e-01
1.9552790415476191e+14 6.5903762668204557e-01 -9.4208826215050301e-01
1.9578282971428572e+14 6.5854449467022946e-01 -9.4230485881905646e-01
1.9603775527380953e+14 6.5804706919037781e-01 -9.4252725775679813e-01
1.9629268083333331e+14 6.5754729748368490e-01 -9.4275314333824278e-01
1.9654760639285712e+14 6.5704720492481405e-01 -9.4298278946224723e-01
1.9680253195238094e+14 6.5654933530094162e-01 -9.4321868176694390e-01
1.9705745751190475e+14 6.5605687457987705e-01 -9.4346462697400202e-01
1.9731238307142856e+14 6.5557334268962830e-01 -9.4372474856370425e-01
1.9756730863095238e+14 6.5510193069673262e-01 -9.4400280761496325e-01
1.9782223419047619e+14 6.5464472730952250e-01 -9.4430213407453834e-01
1.9807715975000000e+14 6.5420214459566983e-01 -9.4462617067325105e-01
1.9833208530952381e+14 6.5377278655934745e-01 -9.4497934128530214e-01
1.9858701086904762e+14 6.5335383116574697e-01 -9.4536778562549018e-01
1.9884193642857141e+14 6.5294178871091468e-01 -9.4579953073127532e-01
1.9909686198809522e+14 6.5253334571103527e-01 -9.4628388983739620e-01
1.9935178754761903e+14 6.5212597087091673e-01 -9.4683020051013478e-01
1.9960671310714284e+14 6.5171806427956636e-01 -9.4744629955990178e-01
1.9986163866666666e+14 6.5130862952676771e-01 -9.4813725798727677e-01
("port 2","mode 1",1,"port 2",1,"transmission",2.8494875794492882e-13)
(52, 3)
1.8737028625000000e+14 2.1739918927961992e-02 1.2594420515268631e-01
1.8762521180952381e+14 2.0206097448832346e-02 3.1588011610925731e-01
1.8788013736904762e+14 1.7802965525139661e-02 5.1981418283460834e-01
1.8813506292857144e+14 1.4934253297270961e-02 7.7834059663499222e-01
1.8838998848809525e+14 1.2480704802249241e-02 1.1387875141583212e+00
1.8864491404761903e+14 1.1547585463646119e-02 1.5896503970808442e+00
1.8889983960714284e+14 1.2372381512113659e-02 1.9977145607955487e+00
1.8915476516666666e+14 1.3882997331291546e-02 2.2743368971461475e+00
1.8940969072619047e+14 1.4904384497885125e-02 2.4436484895152413e+00
1.8966461628571428e+14 1.4778073684711106e-02 2.5482922980434357e+00
1.8991954184523809e+14 1.3294241526965614e-02 2.6173157132240705e+00
1.9017446740476191e+14 1.0565123399519526e-02 2.6712500244790216e+00
1.9042939296428572e+14 6.9337593340790312e-03 2.7367007404654444e+00
1.9068431852380953e+14 2.9290062832199549e-03 2.9354173738974283e+00
1.9093924408333334e+14 1.5679233503974911e-03 5.0930459575830502e+00
1.9119416964285712e+14 4.7932107770670114e-03 5.5324208609434020e+00
1.9144909520238094e+14 7.2604712128467230e-03 5.5793966330013056e+00
1.9170402076190475e+14 8.5791011087326900e-03 5.5641277193528316e+00
1.9195894632142856e+14 8.7122541013098624e-03 5.5044514217217770e+00
1.9221387188095238e+14 7.8678637212754136e-03 5.3777474730809569e+00
1.9246879744047619e+14 6.5793197725244456e-03 5.1222324174775729e+00
1.9272372300000000e+14 5.8907068155159403e-03 4.6735405539280368e+00
1.9297864855952381e+14 6.8828413700893947e-03 4.1989257907112476e+00
1.9323357411904762e+14 9.2622805404279137e-03 3.9317176136261986e+00
1.9348849967857144e+14 1.2162072279128088e-02 3.8359333204497323e+00
1.9359660086208747e+14 1.3414920884266353e-02 3.8268287459919526e+00
1.9363532405457916e+14 1.3859413756487957e-02 3.8268287459919526e+00
1.9374342523809522e+14 1.5078628532748798e-02 3.8343481596998843e+00
1.9399835079761903e+14 1.7757037368769386e-02 3.8856313726489473e+00
1.9425327635714284e+14 2.0029821381110553e-02 3.9696346509287448e+00
1.9450820191666666e+14 2.1750048729226059e-02 4.0771940130711348e+00
1.9476312747619047e+14 2.2791363923248317e-02 4.2064709115088306e+00
1.9501805303571428e+14 2.3100392574393423e-02 4.3617817013058096e+00
1.9527297859523809e+14 2.2785138499712761e-02 4.5526751856766952e+00
1.9552790415476191e+14 2.2208461072369481e-02 4.7905348124644487e+00
1.9578282971428572e+14 2.2004949038062074e-02 5.0780712996364441e+00
1.9603775527380953e+14 2.2859767071194418e-02 5.3935837716575268e+00
1.9629268083333331e+14 2.5041730872010299e-02 5.6946449810216055e+00
1.9654760639285712e+14 2.8164522359930059e-02 5.9505915837324341e+00
1.9680253195238094e+14 3.1459735045446025e-02 6.1589172567765234e+00
1.9705745751190475e+14 3.4158386415603294e-02 6.3331973997479087e+00
1.9731238307142856e+14 3.5698269802556783e-02 6.4904517774179755e+00
1.9756730863095238e+14 3.5807887611350030e-02 6.6470921337873534e+00
1.9782223419047619e+14 3.4543335695831907e-02 6.8191301597010714e+00
1.9807715975000000e+14 3.2297922160566768e-02 7.0227414718575414e+00
1.9833208530952381e+14 2.9764370129978450e-02 7.2720451811842199e+00
1.9858701086904762e+14 2.7781418091932748e-02 7.5706866974586839e+00
1.9884193642857141e+14 2.6986644272020271e-02 7.9008615290219346e+00
1.9909686198809522e+14 2.7435265745396831e-02 8.2292925583231291e+00
1.9935178754761903e+14 2.8631956373652793e-02 8.5333217894917723e+00
1.9960671310714284e+14 2.9984806248208404e-02 8.8129357741278174e+00
1.9986163866666666e+14 3.1182892576551560e-02 9.0801065646113894e+00
("port 2","mode 1",1,"port 3",1,"transmission",4.3770890995338124e-13)
(52, 3)
1.8737028625000000e+14 2.1166985695496403e-02 -2.5994834692151345e+00
1.8762521180952381e+14 2.1463733372176795e-02 -2.5728233839362176e+00
1.8788013736904762e+14 2.1758154263768637e-02 -2.5465631893907807e+00
1.8813506292857144e+14 2.2054875088635954e-02 -2.5209833522377019e+00
1.8838998848809525e+14 2.2355508762236007e-02 -2.4964110918715625e+00
1.8864491404761903e+14 2.2658609050075950e-02 -2.4731692485860859e+00
1.8889983960714284e+14 2.2960137369425065e-02 -2.4515303098025885e+00
1.8915476516666666e+14 2.3254258777543866e-02 -2.4316846598917374e+00
1.8940969072619047e+14 2.3534241487153981e-02 -2.4137281923486049e+00
1.8966461628571428e+14 2.3793264467409099e-02 -2.3976689833559748e+00
1.8991954184523809e+14 2.4025011870112498e-02 -2.3834478553370988e+00
1.9017446740476191e+14 2.4224013755327300e-02 -2.3709649365031571e+00
1.9042939296428572e+14 2.4385754122400214e-02 -2.3601043223909741e+00
1.9068431852380953e+14 2.4506603205486428e-02 -2.3507512383064837e+00
1.9093924408333334e+14 2.4583647943381672e-02 -2.3427995724659874e+00
1.9119416964285712e+14 2.4614499953864021e-02 -2.3361509722173390e+00
1.9144909520238094e+14 2.4597155247357179e-02 -2.3307088256915183e+00
1.9170402076190475e+14 2.4529960552639778e-02 -2.3263709787383133e+00
1.9195894632142856e+14 2.4411706304091337e-02 -2.3230242501725025e+00
1.9221387188095238e+14 2.4241823191417707e-02 -2.3205424360541285e+00
1.9246879744047619e+14 2.4020622248023156e-02 -2.3187882716050989e+00
1.9272372300000000e+14 2.3749502385156454e-02 -2.3176191259395131e+00
1.9297864855952381e+14 2.3431060018941491e-02 -2.3168959630927919e+00
1.9323357411904762e+14 2.3069066188003060e-02 -2.3164949694210466e+00
1.9348849967857144e+14 2.2668311540611982e-02 -2.3163209330238286e+00
1.9359660086208747e+14 2.2488002923704842e-02 -2.3163009566303412e+00
1.9363532405457916e+14 2.2422046027151886e-02 -2.3163009566303412e+00
1.9374342523809522e+14 2.2234343521023037e-02 -2.3163209579075494e+00
1.9399835079761903e+14 2.1773127242993778e-02 -2.3164966701884353e+00
1.9425327635714284e+14 2.1290657997617347e-02 -2.3169130483474101e+00
1.9450820191666666e+14 2.0792551271060670e-02 -2.3177025072285331e+00
1.9476312747619047e+14 2.0283644058290931e-02 -2.3190637011109061e+00
1.9501805303571428e+14 1.9767657156064530e-02 -2.3212553108922185e+00
1.9527297859523809e+14 1.9246980200310054e-02 -2.3245855427752442e+00
1.9552790415476191e+14 1.8722635585351904e-02 -2.3293981781091051e+00
1.9578282971428572e+14 1.8194447717933718e-02 -2.3360560628388565e+00
1.9603775527380953e+14 1.7661397031315036e-02 -2.3449232820103134e+00
1.9629268083333331e+14 1.7122091606072139e-02 -2.3563480785537418e+00
1.9654760639285712e+14 1.6575263305109431e-02 -2.3706495678994570e+00
1.9680253195238094e+14 1.6020201628810623e-02 -2.3881118157361736e+00
1.9705745751190475e+14 1.5457072910339596e-02 -2.4089881742214270e+00
1.9731238307142856e+14 1.4887116779631763e-02 -2.4335165891258463e+00
1.9756730863095238e+14 1.4312744026121000e-02 -2.4619432750041188e+00
1.9782223419047619e+14 1.3737567220072583e-02 -2.4945487529098034e+00
1.9807715975000000e+14 1.3166381081433545e-02 -2.5316680549236321e+00
1.9833208530952381e+14 1.2605089805812160e-02 -2.5736968640275912e+00
1.9858701086904762e+14 1.2060570705591089e-02 -2.6210775554428865e+00
1.9884193642857141e+14 1.1540473747037863e-02 -2.6742626545206565e+00
1.9909686198809522e+14 1.1052975216177702e-02 -2.7336567648321899e+00
1.9935178754761903e+14 1.0606512411447321e-02 -2.7995406316090592e+00
1.9960671310714284e+14 1.0209512371586855e-02 -2.8719830583026611e+00
1.9986163866666666e+14 9.8700965136435913e-03 -2.9507495343268095e+00
("port 3","mode 1",1,"port 1",1,"transmission",2.3618854157263499e-13)
(52, 3)
1.8737028625000000e+14 6.6586075862319605e-01 -9.4727087510812891e-01
1.8762521180952381e+14 6.6586795053006553e-01 -9.4639140178610459e-01
1.8788013736904762e+14 6.6587034162931047e-01 -9.4555803011220652e-01
1.8813506292857144e+14 6.6586656113673226e-01 -9.4476967811558787e-01
1.8838998848809525e+14 6.6585530879594834e-01 -9.4402329443719901e-01
1.8864491404761903e+14 6.6583491286957797e-01 -9.4331462521083898e-01
1.8889983960714284e+14 6.6580320209653354e-01 -9.4263934017475393e-01
1.8915476516666666e+14 6.6575775678181826e-01 -9.4199410456560451e-01
1.8940969072619047e+14 6.6569642759605085e-01 -9.4137721232582494e-01
1.8966461628571428e+14 6.6561788522587673e-01 -9.4078858538354848e-01
1.8991954184523809e+14 6.6552194403877118e-01 -9.4022921022693240e-01
1.9017446740476191e+14 6.6540949652825143e-01 -9.3970031128404397e-01
1.9042939296428572e+14 6.6528206098808496e-01 -9.3920265313870466e-01
1.9068431852380953e+14 6.6514110983514985e-01 -9.3873628295148104e-01
1.9093924408333334e+14 6.6498743837310870e-01 -9.3830080930530124e-01
1.9119416964285712e+14 6.6482081419145833e-01 -9.3789606106231749e-01
1.9144909520238094e+14 6.6464002583324366e-01 -9.3752279182739529e-01
1.9170402076190475e+14 6.6444328017510434e-01 -9.3718307015394442e-01
1.9195894632142856e+14 6.6422875556456251e-01 -9.3688013260511027e-01
1.9221387188095238e+14 6.6399506396521635e-01 -9.3661771421484930e-01
1.9246879744047619e+14 6.6374143230802507e-01 -9.3639910255525871e-01
1.9272372300000000e+14 6.6346755368298926e-01 -9.3622628414388853e-01
1.9297864855952381e+14 6.6317321847210275e-01 -9.3609951091555843e-01
1.9323357411904762e+14 6.6285794130779652e-01 -9.3601742883060479e-01
1.9348849967857144e+14 6.6252080362331178e-01 -9.3597766416010353e-01
1.9359660086208747e+14 6.6237095239157529e-01 -9.3597292660329412e-01
1.9363532405457916e+14 6.6231624858634708e-01 -9.3597292660329434e-01
1.9374342523809522e+14 6.6216063149403248e-01 -9.3597756664772391e-01
1.9399835079761903e+14 6.6177646951675573e-01 -9.3601475130875800e-01
1.9425327635714284e+14 6.6136816578306123e-01 -9.3608718861599061e-01
1.9450820191666666e+14 6.6093681767831602e-01 -9.3619281824020351e-01
1.9476312747619047e+14 6.6048487508814946e-01 -9.3632890244588152e-01
1.9501805303571428e+14 6.6001583814100229e-01 -9.3649148097025958e-01
1.9527297859523809e+14 6.5953365948742215e-01 -9.3667527006409512e-01
1.9552790415476191e+14 6.5904208908182904e-01 -9.3687416805566970e-01
1.9578282971428572e+14 6.5854422405542634e-01 -9.3708226508713011e-01
1.9603775527380953e+14 6.5804243444890287e-01 -9.3729502226761707e-01
1.9629268083333331e+14 6.5753866599645672e-01 -9.3751019059198581e-01
1.9654760639285712e+14 6.5703494791514816e-01 -9.3772812929686644e-01
1.9680253195238094e+14 6.5653383415942046e-01 -9.3795142301828471e-01
1.9705745751190475e+14 6.5603852739623980e-01 -9.3818398573641637e-01
1.9731238307142856e+14 6.5555257027132585e-01 -9.3843005113500799e-01
1.9756730863095238e+14 6.5507918145949573e-01 -9.3869348861090873e-01
1.9782223419047619e+14 6.5462048057074729e-01 -9.3897773054271183e-01
1.9807715975000000e+14 6.5417691197271388e-01 -9.3928631329797863e-01
1.9833208530952381e+14 6.5374711136330155e-01 -9.3962374393476289e-01
1.9858701086904762e+14 6.5332828587998903e-01 -9.3999623453975922e-01
1.9884193642857141e+14 6.5291697084156874e-01 -9.4041187458494169e-01
1.9909686198809522e+14 6.5250987247393955e-01 -9.4088003174168777e-01
1.9935178754761903e+14 6.5210447331062393e-01 -9.4141009276456133e-01
1.9960671310714284e+14 6.5169918147492178e-01 -9.4200994164660146e-01
1.9986163866666666e+14 6.5129300351032904e-01 -9.4268469795173371e-01
("port 3","mode 1",1,"port 2",1,"transmission",4.3770558815615197e-13)
(52, 3)
1.8737028625000000e+14 2.1166852932959779e-02 -2.5996021704865830e+00
1.8762521180952381e+14 2.1463712278574062e-02 -2.5729343032596605e+00
1.8788013736904762e+14 2.1758244466314976e-02 -2.5466687828514747e+00
1.8813506292857144e+14 2.2055061841357221e-02 -2.5210858563700862e+00
1.8838998848809525e+14 2.2355765100306665e-02 -2.4965121529119707e+00
1.8864491404761903e+14 2.2658898860663721e-02 -2.4732697131274888e+00
1.8889983960714284e+14 2.2960419673901711e-02 -2.4516302014785842e+00
1.8915476516666666e+14 2.3254493170722351e-02 -2.4317833062567114e+00
1.8940969072619047e+14 2.3534394081656161e-02 -2.4138244315593345e+00
1.8966461628571428e+14 2.3793313189453436e-02 -2.3977613815585985e+00
1.8991954184523809e+14 2.4024949859107442e-02 -2.3835348934400886e+00
1.9017446740476191e+14 2.4223850043804489e-02 -2.3710451587705839e+00
1.9042939296428572e+14 2.4385511552892619e-02 -2.3601764602571387e+00
1.9068431852380953e+14 2.4506314324611821e-02 -2.3508143234607077e+00
1.9093924408333334e+14 2.4583350051213641e-02 -2.3428530390006541e+00
1.9119416964285712e+14 2.4614230422060915e-02 -2.3361947313939484e+00
1.9144909520238094e+14 2.4596947762250156e-02 -2.3307432905867178e+00
1.9170402076190475e+14 2.4529842383284262e-02 -2.3263970240218432e+00
1.9195894632142856e+14 2.4411696337368404e-02 -2.3230431098771902e+00
1.9221387188095238e+14 2.4241930453353714e-02 -2.3205555595940357e+00
1.9246879744047619e+14 2.4020844865927333e-02 -2.3187971666994902e+00
1.9272372300000000e+14 2.3749827225078294e-02 -2.3176252135577937e+00
1.9297864855952381e+14 2.3431463351099410e-02 -2.3169004578163777e+00
1.9323357411904762e+14 2.3069515610211231e-02 -2.3164987862270019e+00
1.9348849967857144e+14 2.2668769100090084e-02 -2.3163246149979617e+00
1.9359660086208747e+14 2.2488451936478158e-02 -2.3163046426938547e+00
1.9363532405457916e+14 2.2422490252594188e-02 -2.3163046426938547e+00
1.9374342523809522e+14 2.2234769673888446e-02 -2.3163246209092514e+00
1.9399835079761903e+14 2.1773485108432487e-02 -2.3164999671983137e+00
1.9425327635714284e+14 2.1290917337523824e-02 -2.3169151627779878e+00
1.9450820191666666e+14 2.0792691708600944e-02 -2.3177021864348073e+00
1.9476312747619047e+14 2.0283657170072081e-02 -2.3190593375009518e+00
1.9501805303571428e+14 1.9767547197954653e-02 -2.3212450704158458e+00
1.9527297859523809e+14 1.9246763370966456e-02 -2.3245675324301844e+00
1.9552790415476191e+14 1.8722337922186357e-02 -2.3293706376854861e+00
1.9578282971428572e+14 1.8194101948891817e-02 -2.3360175616024330e+00
1.9603775527380953e+14 1.7661038905166831e-02 -2.3448728973818005e+00
1.9629268083333331e+14 1.7121756296492485e-02 -2.3562855308300512e+00
1.9654760639285712e+14 1.6574982367961674e-02 -2.3705752846519395e+00
1.9680253195238094e+14 1.6020000721380202e-02 -2.3880269053467877e+00
1.9705745751190475e+14 1.5456970189634076e-02 -2.4088943027356371e+00
1.9731238307142856e+14 1.4887121750422767e-02 -2.4334157767530673e+00
1.9756730863095238e+14 1.4312856700690279e-02 -2.4618376513744997e+00
1.9782223419047619e+14 1.3737777725316045e-02 -2.4944403235625918e+00
1.9807715975000000e+14 1.3166670115642784e-02 -2.5315585271051364e+00
1.9833208530952381e+14 1.2605430388296113e-02 -2.5735875564072517e+00
1.9858701086904762e+14 1.2060931369670871e-02 -2.6209693822406548e+00
1.9884193642857141e+14 1.1540822793711143e-02 -2.6741561455176921e+00
1.9909686198809522e+14 1.1053285134150314e-02 -2.7335520743454809e+00
1.9935178754761903e+14 1.0606763363326402e-02 -2.7994375080834719e+00
1.9960671310714284e+14 1.0209693880471077e-02 -2.8718807839646692e+00
1.9986163866666666e+14 9.8702070666111877e-03 -2.9506468822510099e+00
("port 3","mode 1",1,"port 3",1,"transmission",2.8756672665186230e-13)
(52, 3)
1.8737028625000000e+14 2.1753911025090798e-02 2.4647173680923207e-01
1.8762521180952381e+14 2.0254446981686977e-02 4.3221191055905711e-01
1.8788013736904762e+14 1.7897296785862056e-02 6.3173152746444794e-01
1.8813506292857144e+14 1.5085690466924076e-02 8.8414145707416347e-01
1.8838998848809525e+14 1.2676456588248033e-02 1.2332769558604944e+00
1.8864491404761903e+14 1.1715283158842009e-02 1.6669226090593607e+00
1.8889983960714284e+14 1.2420162884830247e-02 2.0617193930723627e+00
1.8915476516666666e+14 1.3777187501935306e-02 2.3323563895746267e+00
1.8940969072619047e+14 1.4650599577834284e-02 2.4983696027079469e+00
1.8966461628571428e+14 1.4393247302431753e-02 2.5998721813961265e+00
1.8991954184523809e+14 1.2800479103202369e-02 2.6652073110321526e+00
1.9017446740476191e+14 9.9890534957764766e-03 2.7147710111099337e+00
1.9042939296428572e+14 6.3051858929440109e-03 2.7761866612112489e+00
1.9068431852380953e+14 2.2853746856992094e-03 3.0073117647016345e+00
1.9093924408333334e+14 2.0180933745217186e-03 5.3840659431519828e+00
1.9119416964285712e+14 5.3152475054551417e-03 5.6240661182098881e+00
1.9144909520238094e+14 7.7211196459938593e-03 5.6479258968884363e+00
1.9170402076190475e+14 8.9502626681959175e-03 5.6261411413539282e+00
1.9195894632142856e+14 8.9771718609671178e-03 5.5668872892364440e+00
1.9221387188095238e+14 8.0066768547023461e-03 5.4471119627490392e+00
1.9246879744047619e+14 6.5464197188273244e-03 5.2041455787881938e+00
1.9272372300000000e+14 5.6146038214582722e-03 4.7529710484629559e+00
1.9297864855952381e+14 6.4048158585566731e-03 4.2412950129952911e+00
1.9323357411904762e+14 8.6896063145889563e-03 3.9496910425754894e+00
1.9348849967857144e+14 1.1534882170176159e-02 3.8471818226381278e+00
1.9359660086208747e+14 1.2771919758330632e-02 3.8375850676633330e+00
1.9363532405457916e+14 1.3212057883431511e-02 3.8375850676633330e+00
1.9374342523809522e+14 1.4423542734307817e-02 3.8454237595652363e+00
1.9399835079761903e+14 1.7116725558408645e-02 3.8982815953346828e+00
1.9425327635714284e+14 1.9462298937076978e-02 3.9835733599298626e+00
1.9450820191666666e+14 2.1317385447724498e-02 4.0910551932003845e+00
1.9476312747619047e+14 2.2546022935161929e-02 4.2182104357646821e+00
1.9501805303571428e+14 2.3072606799903160e-02 4.3687599885269259e+00
1.9527297859523809e+14 2.2970656358724150e-02 4.5514930746960625e+00
1.9552790415476191e+14 2.2554390833994888e-02 4.7770628996287368e+00
1.9578282971428572e+14 2.2400217466256037e-02 5.0489348054557812e+00
1.9603775527380953e+14 2.3159681949351644e-02 5.3495514118131284e+00
1.9629268083333331e+14 2.5139512952967197e-02 5.6412913570138912e+00
1.9654760639285712e+14 2.8037532276380145e-02 5.8936007022722556e+00
1.9680253195238094e+14 3.1145370409259451e-02 6.1009749049358355e+00
1.9705745751190475e+14 3.3712462889118687e-02 6.2747417225164686e+00
1.9731238307142856e+14 3.5171770675933134e-02 6.4310795525581037e+00
1.9756730863095238e+14 3.5238936984616782e-02 6.5863370653833027e+00
1.9782223419047619e+14 3.3956697547677037e-02 6.7568311775052585e+00
1.9807715975000000e+14 3.1709627055967290e-02 6.9593006495445868e+00
1.9833208530952381e+14 2.9192221805875999e-02 7.2085918222541157e+00
1.9858701086904762e+14 2.7259254525129749e-02 7.5086672002100174e+00
1.9884193642857141e+14 2.6568193470748510e-02 7.8405592742408539e+00
1.9909686198809522e+14 2.7174410758039225e-02 8.1687795758795207e+00
1.9935178754761903e+14 2.8560318267407764e-02 8.4696005414791529e+00
1.9960671310714284e+14 3.0107219999452043e-02 8.7433321678413041e+00
1.9986163866666666e+14 3.1478084791921365e-02 9.0024891586155036e+00
