["opt_1","LEFT"]
["opt_2","RIGHT"]
["opt_3","RIGHT"]
("opt_1","TE",1,"opt_1",1,"transmission",1.40487e-12)
(11,3)
187370286250000.0	0.01160820138605124	0.1932803051701910
188548715723270.4	0.008469263262545353	-2.738082718123053
189742062025316.5	0.006622729198333383	-4.940559984143178
190950610191082.8	0.006006469478455477	-7.173970352794381
192174652564102.6	0.004516597533556541	-9.968710592977624
193414489032258.1	0.005411543151939864	-12.77771782670275
194670427272727.3	0.001380381798115078	-15.23747172925915
195942783006535.9	0.001358510858955590	-18.00030505854795
197231880263157.9	0.0008168214979512794	-20.86061778761278
198538051655629.2	0.0008234917743964245	-18.08699693470281
199861638666666.7	0.001292744956598528	-21.10556429887914
("opt_1","TE",1,"opt_2",1,"transmission",6.78473e-13)
(11,3)
187370286250000.0	0.6363378696586545	4.104789471230184
188548715723270.4	0.6487301050872923	4.069117826755811
189742062025316.5	0.6604488227742987	4.043563369060454
190950610191082.8	0.6693375073703881	4.022633226256520
192174652564102.6	0.6786219415315171	4.005383010192986
193414489032258.1	0.6813969743194306	3.997739964037228
194670427272727.3	0.6795682879131231	4.000667469994231
195942783006535.9	0.6718792541819166	3.985206916746929
197231880263157.9	0.6586546451021248	3.884413490650262
198538051655629.2	0.6392179296324916	3.780624441933355
199861638666666.7	0.6143809455042283	3.672873791110469
("opt_1","TE",1,"opt_3",1,"transmission",6.78474e-13)
(11,3)
187370286250000.0	0.6363792274468163	4.104803933150471
188548715723270.4	0.6487636329615734	4.069129305276192
189742062025316.5	0.6604705805466036	4.043572735446055
190950610191082.8	0.6693516815494045	4.022641623180723
192174652564102.6	0.6786293549657546	4.005387414436548
193414489032258.1	0.6814021682193084	3.997739622101632
194670427272727.3	0.6795758598928450	4.000660234357227
195942783006535.9	0.6718885252788314	3.985191709433295
197231880263157.9	0.6586667451120627	3.884388335358228
198538051655629.2	0.6392332423819201	3.780586400511510
199861638666666.7	0.6143957353747082	3.672822798699432
("opt_2","TE",1,"opt_1",1,"transmission",6.78473e-13)
(11,3)
187370286250000.0	0.6363378654033093	4.104789470550305
188548715723270.4	0.6487301571813670	4.069117825628062
189742062025316.5	0.6604488748317016	4.043563367824436
190950610191082.8	0.6693375106205147	4.022633226443517
192174652564102.6	0.6786219528931325	4.005383009899729
193414489032258.1	0.6813967849941506	3.997739964338514
194670427272727.3	0.6795689337736167	4.000667470475333
195942783006535.9	0.6718792541237640	3.985206917140466
197231880263157.9	0.6586541279662994	3.884413490310434
198538051655629.2	0.6392179296322814	3.780624442657302
199861638666666.7	0.6143804789556615	3.672873790308127
("opt_2","TE",1,"opt_2",1,"transmission",1.06822e-12)
(11,3)
187370286250000.0	0.08401047739506172	3.357915780713682
188548715723270.4	0.07779965620138303	3.394133348322590
189742062025316.5	0.06128443564520845	3.273339279228516
190950610191082.8	0.04461612162288806	3.232554997842938
192174652564102.6	0.03829759571303069	3.359583387013663
193414489032258.1	0.02995540453369228	3.280640351578143
194670427272727.3	0.02614464707087014	3.101789239166445
195942783006535.9	0.02539665762162077	2.749370854082549
197231880263157.9	0.02340406062166477	2.580863645097107
198538051655629.2	0.02478873658750351	2.526099902966585
199861638666666.7	0.02460030352047795	2.464294892772443
("opt_2","TE",1,"opt_3",1,"transmission",1.0851e-12)
(11,3)
187370286250000.0	0.09120669140696495	0.8204022254468555
188548715723270.4	0.08345964124904087	0.7282834854253579
189742062025316.5	0.06759354918649975	0.5013590999464270
190950610191082.8	0.05117452493590412	0.3459828912009044
192174652564102.6	0.04071107334418175	0.3866609816221480
193414489032258.1	0.02961502836767568	0.1845656162400475
194670427272727.3	0.02361534717617126	0.01120632182747272
195942783006535.9	0.01817903553247783	-0.5159437325893741
197231880263157.9	0.01277228088949497	-0.8425785092436797
198538051655629.2	0.009664582768212450	-1.195836956520523
199861638666666.7	0.006141587447458019	-2.220604160771018
("opt_3","TE",1,"opt_1",1,"transmission",6.78474e-13)
(11,3)
187370286250000.0	0.6363792317021908	4.104803933824474
188548715723270.4	0.6487635808675727	4.069129306396050
189742062025316.5	0.6604705284892075	4.043572736676378
190950610191082.8	0.6693516782992184	4.022641622991001
192174652564102.6	0.6786293436038346	4.005387414728597
193414489032258.1	0.6814023575465592	3.997739621800467
194670427272727.3	0.6795752140637845	4.000660233882930
195942783006535.9	0.6718885253370327	3.985191709042253
197231880263157.9	0.6586672622556189	3.884388335690518
198538051655629.2	0.6392332423821020	3.780586399792622
199861638666666.7	0.6143962019590645	3.672822799495709
("opt_3","TE",1,"opt_2",1,"transmission",1.0851e-12)
(11,3)
187370286250000.0	0.09120669270626725	0.8204022210288002
188548715723270.4	0.08345962793687686	0.7282834848655781
189742062025316.5	0.06759353865076818	0.5013591006725875
190950610191082.8	0.05117452433647559	0.3459828911296974
192174652564102.6	0.04071107199681970	0.3866609750172056
193414489032258.1	0.02961504472860688	0.1845656149208715
194670427272727.3	0.02361530230301887	0.01120631419787621
195942783006535.9	0.01817903556963067	-0.5159437303387193
197231880263157.9	0.01277230081946068	-0.8425785053283370
198538051655629.2	0.009664582768221287	-1.195836954950416
199861638666666.7	0.006141596842640901	-2.220604149085801
("opt_3","TE",1,"opt_3",1,"transmission",1.06821e-12)
(11,3)
187370286250000.0	0.08403352697686782	3.357403512933409
188548715723270.4	0.07782216592928956	3.393767542774860
189742062025316.5	0.06129395422506931	3.273240403214594
190950610191082.8	0.04462096682229445	3.232628949806198
192174652564102.6	0.03828805577312514	3.359619967000128
193414489032258.1	0.02994541314614878	3.280788949679849
194670427272727.3	0.02614117562078317	3.101929673456592
195942783006535.9	0.02539303753539547	2.749550057603905
197231880263157.9	0.02339971637585954	2.581136072516330
198538051655629.2	0.02478818156473165	2.526623273406599
199861638666666.7	0.02460229307208786	2.464881302323825