["opt_1","LEFT"]
["opt_2","RIGHT"]
["opt_3","RIGHT"]
("opt_1","TE",1,"opt_1",1,"transmission",1.40487e-12)
(11,3)
187370286250000.0	0.01160820138605124	0.1932803051701910
188548715723270.4	0.008469263262545353	-2.738082718123053
189742062025316.5	0.006622729198333383	-4.940559984143178
190950610191082.8	0.006006469478455477	-7.173970352794381
192174652564102.6	0.004516597533556541	-9.968710592977624
193414489032258.1	0.005411543151939864	-12.77771782670275
194670427272727.3	0.001380381798115078	-15.23747172925915
195942783006535.9	0.001358510858955590	-18.00030505854795
197231880263157.9	0.0008168214979512794	-20.86061778761278
198538051655629.2	0.0008234917743964245	-18.08699693470281
199861638666666.7	0.001292744956598528	-21.10556429887914
("opt_1","TE",1,"opt_2",1,"transmission",6.78473e-13)
(11,3)
187370286250000.0	0.6363378696586545	4.104789471230184
188548715723270.4	0.6487301050872923	4.069117826755811
189742062025316.5	0.6604488227742987	4.043563369060454
190950610191082.8	0.6693375073703881	4.022633226256520
192174652564102.6	0.6786219415315171	4.005383010192986
193414489032258.1	0.6813969743194306	3.997739964037228
194670427272727.3	0.6795682879131231	4.000667469994231
195942783006535.9	0.6718792541819166	3.985206916746929
197231880263157.9	0.6586546451021248	3.884413490650262
198538051655629.2	0.6392179296324916	3.780624441933355
199861638666666.7	0.6143809455042283	3.672873791110469
("opt_1","TE",1,"opt_3",1,"transmission",6.78474e-13)
(11,3)
187370286250000.0	0.6363792274468163	4.104803933150471
188548715723270.4	0.6487636329615734	4.069129305276192
189742062025316.5	0.6604705805466036	4.043572735446055
190950610191082.8	0.6693516815494045	4.022641623180723
192174652564102.6	0.6786293549657546	4.005387414436548
193414489032258.1	0.6814021682193084	3.997739622101632
194670427272727.3	0.6795758598928450	4.000660234357227
195942783006535.9	0.6718885252788314	3.985191709433295
197231880263157.9	0.6586667451120627	3.884388335358228
198538051655629.2	0.6392332423819201	3.780586400511510
199861638666666.7	0.6143957353747082	3.672822798699432
("opt_2","TE",1,"opt_1",1,"transmission",6.78473e-13)
(11,3)
187370286250000.0	0.6363378654033093	4.104789470550305
188548715723270.4	0.6487301571813670	4.069117825628062
189742062025316.5	0.6604488748317016	4.043563367824436
190950610191082.8	0.6693375106205147	4.022633226443517
192174652564102.6	0.6786219528931325	4.005383009899729
193414489032258.1	0.6813967849941506	3.997739964338514
194670427272727.3	0.6795689337736167	4.000667470475333
195942783006535.9	0.6718792541237640	3.985206917140466
197231880263157.9	0.6586541279662994	3.884413490310434
198538051655629.2	0.6392179296322814	3.780624442657302
199861638666666.7	0.6143804789556615	3.672873790308127
("opt_2","TE",1,"opt_2",1,"transmission",1.06822e-12)
(11,3)
187370286250000.0	0.08401047739506172	3.357915780713682
188548715723270.4	0.07779965620138303	3.394133348322590
189742062025316.5	0.06128443564520845	3.273339279228516
190950610191082.8	0.04461612162288806	3.232554997842938
192174652564102.6	0.03829759571303069	3.359583387013663
193414489032258.1	0.02995540453369228	3.280640351578143
194670427272727.3	0.02614464707087014	3.101789239166445
195942783006535.9	0.02539665762162077	2.749370854082549
197231880263157.9	0.02340406062166477	2.580863645097107
198538051655629.2	0.02478873658750351	2.526099902966585
199861638666666.7	0.02460030352047795	2.464294892772443
("opt_2","TE",1,"opt_3",1,"transmission",1.0851e-12)
(11,3)
187370286250000.0	0.09120669140696495	0.8204022254468555
188548715723270.4	0.08345964124904087	0.7282834854253579
189742062025316.5	0.06759354918649975	0.5013590999464270
190950610191082.8	0.05117452493590412	0.3459828912009044
192174652564102.6	0.04071107334418175	0.3866609816221480
193414489032258.1	0.02961502836767568	0.1845656162400475
194670427272727.3	0.02361534717617126	0.01120632182747272
195942783006535.9	0.01817903553247783	-0.5159437325893741
197231880263157.9	0.01277228088949497	-0.8425785092436797
198538051655629.2	0.009664582768212450	-1.195836956520523
199861638666666.7	0.006141587447458019	-2.220604160771018
("opt_3","TE",1,"opt_1",1,"transmission",6.78474e-13)
(11,3)
187370286250000.0	0.6363792317021908	4.104803933824474
188548715723270.4	0.6487635808675727	4.069129306396050
189742062025316.5	0.6604705284892075	4.043572736676378
190950610191082.8	0.6693516782992184	4.022641622991001
192174652564102.6	0.6786293436038346	4.005387414728597
193414489032258.1	0.6814023575465592	3.997739621800467
194670427272727.3	0.6795752140637845	4.000660233882930
195942783006535.9	0.6718885253370327	3.985191709042253
197231880263157.9	0.6586672622556189	3.884388335690518
198538051655629.2	0.6392332423821020	3.780586399792622
199861638666666.7	0.6143962019590645	3.672822799495709
("opt_3","TE",1,"opt_2",1,"transmission",1.0851e-12)
(11,3)
187370286250000.0	0.09120669270626725	0.8204022210288002
188548715723270.4	0.08345962793687686	0.7282834848655781
189742062025316.5	0.06759353865076818	0.5013591006725875
190950610191082.8	0.05117452433647559	0.3459828911296974
192174652564102.6	0.04071107199681970	0.3866609750172056
193414489032258.1	0.02961504472860688	0.1845656149208715
194670427272727.3	0.02361530230301887	0.01120631419787621
195942783006535.9	0.01817903556963067	-0.5159437303387193
197231880263157.9	0.01277230081946068	-0.8425785053283370
198538051655629.2	0.009664582768221287	-1.195836954950416
199861638666666.7	0.006141596842640901	-2.220604149085801
("opt_3","TE",1,"opt_3",1,"transmission",1.06821e-12)
(11,3)
187370286250000.0	0.08403352697686782	3.357403512933409
188548715723270.4	0.07782216592928956	3.393767542774860
189742062025316.5	0.06129395422506931	3.273240403214594
190950610191082.8	0.04462096682229445	3.232628949806198
192174652564102.6	0.03828805577312514	3.359619967000128
193414489032258.1	0.02994541314614878	3.280788949679849
194670427272727.3	0.02614117562078317	3.101929673456592
195942783006535.9	0.02539303753539547	2.749550057603905
197231880263157.9	0.02339971637585954	2.581136072516330
198538051655629.2	0.02478818156473165	2.526623273406599
199861638666666.7	0.02460229307208786	2.464881302323825
("opt_1","TM",2,"opt_1",2,"transmission",9.86786e-13)
(11,3)
187370286250000.0	0.1234487858704001	4.465007385042910
188548715723270.4	0.1100028517987610	3.688445659064822
189742062025316.5	0.04002443384032983	2.625853676740931
190950610191082.8	0.1159758560019323	1.409492238778133
192174652564102.6	0.08557129426289860	0.5086197565240997
193414489032258.1	0.06800938622313350	3.250636826018420
194670427272727.3	0.1165005073290987	4.277390274024851
195942783006535.9	0.08044380947743897	5.368651849905220
197231880263157.9	0.04041826941606678	7.147798590879390
198538051655629.2	0.03926809494450972	9.556459979300506
199861638666666.7	0.03090761243514022	12.68501792003362
("opt_1","TM",2,"opt_2",2,"transmission",6.78187e-13)
(11,3)
187370286250000.0	0.3651299591285351	3.034730798945510
188548715723270.4	0.4429959710666396	2.949127551166686
189742062025316.5	0.4577099428750964	2.853250895442562
190950610191082.8	0.4903890518681828	2.813714233761756
192174652564102.6	0.4232829824931723	2.733069993155344
193414489032258.1	0.3783435923472219	2.906820333886946
194670427272727.3	0.3537054988037094	3.065762474589338
195942783006535.9	0.3525838517951044	3.179805452742690
197231880263157.9	0.3857177580508389	3.286284718744000
198538051655629.2	0.4286987858206819	3.498555620376848
199861638666666.7	0.4449927722397122	3.777765903577663
("opt_1","TM",2,"opt_3",2,"transmission",6.78227e-13)
(11,3)
187370286250000.0	0.3649526417744212	3.035017223373963
188548715723270.4	0.4427371529250230	2.949423084960635
189742062025316.5	0.4573064381117078	2.854061449672615
190950610191082.8	0.4902924843150533	2.814567678666865
192174652564102.6	0.4231759384369086	2.733738632562445
193414489032258.1	0.3785017388841946	2.907191567083102
194670427272727.3	0.3539333016416397	3.065510572468377
195942783006535.9	0.3528615107406057	3.178823865631546
197231880263157.9	0.3859354967499852	3.284709086023128
198538051655629.2	0.4287521130376637	3.496542774181538
199861638666666.7	0.4448649301282948	3.775601375664007
("opt_2","TM",2,"opt_1",2,"transmission",6.78187e-13)
(11,3)
187370286250000.0	0.3651299591294622	3.034730798946541
188548715723270.4	0.4429959710659129	2.949127551167805
189742062025316.5	0.4577099428726473	2.853250895443230
190950610191082.8	0.4903890518696446	2.813714233762564
192174652564102.6	0.4232829824868875	2.733069993156346
193414489032258.1	0.3783435923522483	2.906820333887070
194670427272727.3	0.3537054987876628	3.065762474589197
195942783006535.9	0.3525838518179362	3.179805452741810
197231880263157.9	0.3857177580597037	3.286284718742866
198538051655629.2	0.4286987857989832	3.498555620375679
199861638666666.7	0.4449927722559424	3.777765903576515
("opt_2","TM",2,"opt_2",2,"transmission",1.19228e-12)
(11,3)
187370286250000.0	0.06049219850978573	5.373209089947053
188548715723270.4	0.04031189377533512	3.451963121959977
189742062025316.5	0.03947823008364803	5.349775556951926
190950610191082.8	0.07615233738843491	3.911579844145269
192174652564102.6	0.05888159112258171	6.737981030579363
193414489032258.1	0.09364861070687278	5.686216913016839
194670427272727.3	0.1408114249941341	5.051346094985927
195942783006535.9	0.1063514331853288	4.419279261403130
197231880263157.9	0.09597239497338554	4.409902261147963
198538051655629.2	0.1337060612723293	3.876371215524337
199861638666666.7	0.1117739886573906	3.226776549440849
("opt_2","TM",2,"opt_3",2,"transmission",1.09911e-12)
(11,3)
187370286250000.0	0.02678178322981994	1.259923196806334
188548715723270.4	0.06302547826532426	1.697680596099055
189742062025316.5	0.07315908859982392	0.7734660533685620
190950610191082.8	0.02262174655243682	2.909973608155742
192174652564102.6	0.1621360271482942	2.525211314149388
193414489032258.1	0.1312645139985925	2.655981390260175
194670427272727.3	0.1519795848464979	2.982195952481840
195942783006535.9	0.1309314627954916	3.110110631530318
197231880263157.9	0.1296338264417077	3.703148396728047
198538051655629.2	0.1569960060316045	4.081699021848948
199861638666666.7	0.1178993582468885	4.432519394330534
("opt_3","TM",2,"opt_1",2,"transmission",6.78227e-13)
(11,3)
187370286250000.0	0.3649526417736441	3.035017223372027
188548715723270.4	0.4427371529258660	2.949423084959694
189742062025316.5	0.4573064381142017	2.854061449672148
190950610191082.8	0.4902924843135044	2.814567678666092
192174652564102.6	0.4231759384431742	2.733738632561530
193414489032258.1	0.3785017388790867	2.907191567083084
194670427272727.3	0.3539333016576314	3.065510572468324
195942783006535.9	0.3528615107177243	3.178823865632204
197231880263157.9	0.3859354967411255	3.284709086024362
198538051655629.2	0.4287521130594375	3.496542774182533
199861638666666.7	0.4448649301121217	3.775601375664827
("opt_3","TM",2,"opt_2",2,"transmission",1.09911e-12)
(11,3)
187370286250000.0	0.02678178322966914	1.259923196801395
188548715723270.4	0.06302547826559572	1.697680596095168
189742062025316.5	0.07315908860075132	0.7734660533665014
190950610191082.8	0.02262174655234930	2.909973608158726
192174652564102.6	0.1621360271532213	2.525211314148496
193414489032258.1	0.1312645139951573	2.655981390260845
194670427272727.3	0.1519795848598362	2.982195952483151
195942783006535.9	0.1309314627781471	3.110110631533878
197231880263157.9	0.1296338264358238	3.703148396727642
198538051655629.2	0.1569960060477206	4.081699021854597
199861638666666.7	0.1178993582380681	4.432519394338293
("opt_3","TM",2,"opt_3",2,"transmission",1.19132e-12)
(11,3)
187370286250000.0	0.06058472617668726	5.342880728342081
188548715723270.4	0.04055429493548841	3.429793422725666
189742062025316.5	0.03912952971186635	5.323841904385095
190950610191082.8	0.07620843506364269	3.897356096378502
192174652564102.6	0.05886610998312906	6.734293948163931
193414489032258.1	0.09388261977906558	5.688988362729335
194670427272727.3	0.1409918939531965	5.057602315822930
195942783006535.9	0.1063177572211235	4.434702866445399
197231880263157.9	0.09610301916473889	4.432133311523806
198538051655629.2	0.1336632033591230	3.906247033707977
199861638666666.7	0.1117738648040712	3.265661113252875
