("opt_1","TE",1,"opt_1",1,"transmission","delta_height;delta_width")
(45,6)
-3.000000000000000	-3.000000000000000	187370286250000.0	0.01368777585786479	1.111568164540373	9.931402302091841e-13
-3.000000000000000	-3.000000000000000	190344417777777.8	0.007255657449029013	2.492343087894220	9.931402302091841e-13
-3.000000000000000	-3.000000000000000	193414489032258.1	0.004101732378160225	4.248946851887911	9.931402302091841e-13
-3.000000000000000	-3.000000000000000	196585218360655.8	0.001968410645128127	5.584259275721895	9.931402302091841e-13
-3.000000000000000	-3.000000000000000	199861638666666.7	0.0009861119849017927	5.968395308055321	9.931402302091841e-13
-3.000000000000000	0.0000000000000000	187370286250000.0	0.01272632080128561	6.273470278991375	9.555515943815641e-13
-3.000000000000000	0.0000000000000000	190344417777777.8	0.006509155484310929	8.140491651788185	9.555515943815641e-13
-3.000000000000000	0.0000000000000000	193414489032258.1	0.003606290745645281	10.65021301302797	9.555515943815641e-13
-3.000000000000000	0.0000000000000000	196585218360655.8	0.001778817778568603	12.90375039098309	9.555515943815641e-13
-3.000000000000000	0.0000000000000000	199861638666666.7	0.001067313163978801	13.98957507219854	9.555515943815641e-13
-3.000000000000000	3.000000000000000	187370286250000.0	0.01042669675860150	4.589732168784515	9.021150121780460e-13
-3.000000000000000	3.000000000000000	190344417777777.8	0.006275699700195203	7.202771638004478	9.021150121780460e-13
-3.000000000000000	3.000000000000000	193414489032258.1	0.003059212716999270	4.330437403250219	9.021150121780460e-13
-3.000000000000000	3.000000000000000	196585218360655.8	0.001391281707716274	1.781919876758000	9.021150121780460e-13
-3.000000000000000	3.000000000000000	199861638666666.7	0.001098153191968275	3.834122418849610	9.021150121780460e-13
0.0000000000000000	-3.000000000000000	187370286250000.0	0.01348304513993964	4.118059411342372	1.516539740582942e-12
0.0000000000000000	-3.000000000000000	190344417777777.8	0.008089136564150803	2.120257585064046	1.516539740582942e-12
0.0000000000000000	-3.000000000000000	193414489032258.1	0.005867343296323036	-0.4993493775263484	1.516539740582942e-12
0.0000000000000000	-3.000000000000000	196585218360655.8	0.0009839035589707874	-3.039080047898388	1.516539740582942e-12
0.0000000000000000	-3.000000000000000	199861638666666.7	0.0009945621460927514	-0.7552145905140222	1.516539740582942e-12
0.0000000000000000	0.0000000000000000	187370286250000.0	0.01160820138605989	0.1932803051961614	1.404872136859385e-12
0.0000000000000000	0.0000000000000000	190344417777777.8	0.003516857561920594	0.02646078513446426	1.404872136859385e-12
0.0000000000000000	0.0000000000000000	193414489032258.1	0.005411543151943739	-0.2113472123436235	1.404872136859385e-12
0.0000000000000000	0.0000000000000000	196585218360655.8	0.001104516147922838	-0.4787242314238718	1.404872136859385e-12
0.0000000000000000	0.0000000000000000	199861638666666.7	0.001292744956602062	-2.256008377372702	1.404872136859385e-12
0.0000000000000000	3.000000000000000	187370286250000.0	0.01000981899760272	2.192901856969108	1.283968964420324e-12
0.0000000000000000	3.000000000000000	190344417777777.8	0.003686463792881390	4.073785805095437	1.283968964420324e-12
0.0000000000000000	3.000000000000000	193414489032258.1	0.003232083648425164	6.373208412101744	1.283968964420324e-12
0.0000000000000000	3.000000000000000	196585218360655.8	0.001091758332384789	8.511693705310176	1.283968964420324e-12
0.0000000000000000	3.000000000000000	199861638666666.7	0.001485678533357946	9.222809311107639	1.283968964420324e-12
3.000000000000000	-3.000000000000000	187370286250000.0	0.006659048454630967	2.276402734452020	-8.853462191651259e-15
3.000000000000000	-3.000000000000000	190344417777777.8	0.006942300095447936	3.557191367958556	-8.853462191651259e-15
3.000000000000000	-3.000000000000000	193414489032258.1	0.0004728522919207720	4.546812434710464	-8.853462191651259e-15
3.000000000000000	-3.000000000000000	196585218360655.8	0.0004444636319943278	1.576176358990817	-8.853462191651259e-15
3.000000000000000	-3.000000000000000	199861638666666.7	0.001189545591896073	4.327975378215830	-8.853462191651259e-15
3.000000000000000	0.0000000000000000	187370286250000.0	0.005402958380852719	5.195570725125950	7.263456780269859e-13
3.000000000000000	0.0000000000000000	190344417777777.8	0.006209428498674781	5.486019301922017	7.263456780269859e-13
3.000000000000000	0.0000000000000000	193414489032258.1	0.0009412757882344143	4.701629381513429	7.263456780269859e-13
3.000000000000000	0.0000000000000000	196585218360655.8	0.0005599492094090808	5.897496809499987	7.263456780269859e-13
3.000000000000000	0.0000000000000000	199861638666666.7	0.001301503986398483	6.120948898252408	7.263456780269859e-13
3.000000000000000	3.000000000000000	187370286250000.0	0.004585469303604187	2.650113841838611	8.231426395846256e-13
3.000000000000000	3.000000000000000	190344417777777.8	0.005103299700894271	1.359874548835984	8.231426395846256e-13
3.000000000000000	3.000000000000000	193414489032258.1	0.001232504191669184	-1.179954168538701	8.231426395846256e-13
3.000000000000000	3.000000000000000	196585218360655.8	0.0006387400061352713	-2.135592455816568	8.231426395846256e-13
3.000000000000000	3.000000000000000	199861638666666.7	0.001329841080635810	-3.913902225078637	8.231426395846256e-13
("opt_1","TE",1,"opt_2",1,"transmission","delta_height;delta_width")
(45,6)
-3.000000000000000	-3.000000000000000	187370286250000.0	0.6120550373073085	4.910678670707028	6.761052989238471e-13
-3.000000000000000	-3.000000000000000	190344417777777.8	0.6399333608416616	4.828699606286463	6.761052989238471e-13
-3.000000000000000	-3.000000000000000	193414489032258.1	0.6706564382783105	4.782662758067927	6.761052989238471e-13
-3.000000000000000	-3.000000000000000	196585218360655.8	0.6787264226574460	4.712869279648405	6.761052989238471e-13
-3.000000000000000	-3.000000000000000	199861638666666.7	0.6516177204389293	4.471093428963734	6.761052989238471e-13
-3.000000000000000	0.0000000000000000	187370286250000.0	0.6203455433203521	5.103323740660770	6.759107154084344e-13
-3.000000000000000	0.0000000000000000	190344417777777.8	0.6473263915476335	5.022841517524347	6.759107154084344e-13
-3.000000000000000	0.0000000000000000	193414489032258.1	0.6754980662912263	4.981439012287074	6.759107154084344e-13
-3.000000000000000	0.0000000000000000	196585218360655.8	0.6781647045967292	4.912888058878604	6.759107154084344e-13
-3.000000000000000	0.0000000000000000	199861638666666.7	0.6464469003753320	4.668300310217571	6.759107154084344e-13
-3.000000000000000	3.000000000000000	187370286250000.0	0.6310989895531864	5.346934105732338	6.757125084972692e-13
-3.000000000000000	3.000000000000000	190344417777777.8	0.6571825393057673	5.269871927204045	6.757125084972692e-13
-3.000000000000000	3.000000000000000	193414489032258.1	0.6806229218883949	5.236120526187994	6.757125084972692e-13
-3.000000000000000	3.000000000000000	196585218360655.8	0.6744221750805366	5.169381471431244	6.757125084972692e-13
-3.000000000000000	3.000000000000000	199861638666666.7	0.6332240690032419	4.921677735577163	6.757125084972692e-13
0.0000000000000000	-3.000000000000000	187370286250000.0	0.6283234959189953	3.883004415565519	6.779521628191110e-13
0.0000000000000000	-3.000000000000000	190344417777777.8	0.6562359207260539	3.814814378229769	6.779521628191110e-13
0.0000000000000000	-3.000000000000000	193414489032258.1	0.6789556771890758	3.794661277612538	6.779521628191110e-13
0.0000000000000000	-3.000000000000000	196585218360655.8	0.6696782600142369	3.747335688913674	6.779521628191110e-13
0.0000000000000000	-3.000000000000000	199861638666666.7	0.6215391939999013	3.506327520997800	6.779521628191110e-13
0.0000000000000000	0.0000000000000000	187370286250000.0	0.6363379495000595	4.104789472173412	6.784727080272942e-13
0.0000000000000000	0.0000000000000000	190344417777777.8	0.6640845893899421	4.029844542192830	6.784727080272942e-13
0.0000000000000000	0.0000000000000000	193414489032258.1	0.6813971449072798	3.997739964014389	6.784727080272942e-13
0.0000000000000000	0.0000000000000000	196585218360655.8	0.6664514755690907	3.934392460619044	6.784727080272942e-13
0.0000000000000000	0.0000000000000000	199861638666666.7	0.6143802490812175	3.672873788544237	6.784727080272942e-13
0.0000000000000000	3.000000000000000	187370286250000.0	0.6428563498171661	4.317892401491495	6.780761767530244e-13
0.0000000000000000	3.000000000000000	190344417777777.8	0.6688970720485086	4.249178862548392	6.780761767530244e-13
0.0000000000000000	3.000000000000000	193414489032258.1	0.6824175905808899	4.224132948525141	6.780761767530244e-13
0.0000000000000000	3.000000000000000	196585218360655.8	0.6636640261126004	4.161972598416199	6.780761767530244e-13
0.0000000000000000	3.000000000000000	199861638666666.7	0.6090582542553004	3.899326825330316	6.780761767530244e-13
3.000000000000000	-3.000000000000000	187370286250000.0	0.6360221197445586	1.167991414427185	6.790088973109851e-13
3.000000000000000	-3.000000000000000	190344417777777.8	0.6646837649899490	1.093707226145918	6.790088973109851e-13
3.000000000000000	-3.000000000000000	193414489032258.1	0.6802639543602550	1.066680431031518	6.790088973109851e-13
3.000000000000000	-3.000000000000000	196585218360655.8	0.6604979990843516	0.9967063269232401	6.790088973109851e-13
3.000000000000000	-3.000000000000000	199861638666666.7	0.6078215818225990	0.7294562823854136	6.790088973109851e-13
3.000000000000000	0.0000000000000000	187370286250000.0	0.6434263011347470	1.334049479202086	6.780546028721542e-13
3.000000000000000	0.0000000000000000	190344417777777.8	0.6702132169779133	1.277500521297579	6.780546028721542e-13
3.000000000000000	0.0000000000000000	193414489032258.1	0.6805086296569597	1.268169047557933	6.780546028721542e-13
3.000000000000000	0.0000000000000000	196585218360655.8	0.6563751842045805	1.210892160978471	6.780546028721542e-13
3.000000000000000	0.0000000000000000	199861638666666.7	0.5999844103537514	0.9527245104294018	6.780546028721542e-13
3.000000000000000	3.000000000000000	187370286250000.0	0.6496262840369559	1.548089155405449	6.776069139283610e-13
3.000000000000000	3.000000000000000	190344417777777.8	0.6747176490142219	1.499270383579780	6.776069139283610e-13
3.000000000000000	3.000000000000000	193414489032258.1	0.6800327326652525	1.496298452435493	6.776069139283610e-13
3.000000000000000	3.000000000000000	196585218360655.8	0.6519034790588697	1.441500794640254	6.776069139283610e-13
3.000000000000000	3.000000000000000	199861638666666.7	0.5926515052446030	1.182210107674436	6.776069139283610e-13
("opt_1","TE",1,"opt_3",1,"transmission","delta_height;delta_width")
(45,6)
-3.000000000000000	-3.000000000000000	187370286250000.0	0.6120959014019295	4.910658302468523	6.761063461970343e-13
-3.000000000000000	-3.000000000000000	190344417777777.8	0.6399639888381349	4.828670600820447	6.761063461970343e-13
-3.000000000000000	-3.000000000000000	193414489032258.1	0.6706658850389451	4.782644873244903	6.761063461970343e-13
-3.000000000000000	-3.000000000000000	196585218360655.8	0.6787327305439207	4.712850217662218	6.761063461970343e-13
-3.000000000000000	-3.000000000000000	199861638666666.7	0.6516335382844680	4.471061682785582	6.761063461970343e-13
-3.000000000000000	0.0000000000000000	187370286250000.0	0.6203940625139690	5.103310525736639	6.759115351087247e-13
-3.000000000000000	0.0000000000000000	190344417777777.8	0.6473616011301137	5.022823566245762	6.759115351087247e-13
-3.000000000000000	0.0000000000000000	193414489032258.1	0.6755085887016720	4.981427482872363	6.759115351087247e-13
-3.000000000000000	0.0000000000000000	196585218360655.8	0.6781707495463730	4.912877733700180	6.759115351087247e-13
-3.000000000000000	0.0000000000000000	199861638666666.7	0.6464609077892970	4.668284106308370	6.759115351087247e-13
-3.000000000000000	3.000000000000000	187370286250000.0	0.6311535704080492	5.346937668145987	6.757131946817827e-13
-3.000000000000000	3.000000000000000	190344417777777.8	0.6572174888810460	5.269870022481580	6.757131946817827e-13
-3.000000000000000	3.000000000000000	193414489032258.1	0.6806324480614013	5.236116291315087	6.757131946817827e-13
-3.000000000000000	3.000000000000000	196585218360655.8	0.6744270977385788	5.169379495182524	6.757131946817827e-13
-3.000000000000000	3.000000000000000	199861638666666.7	0.6332344393810930	4.921674054412232	6.757131946817827e-13
0.0000000000000000	-3.000000000000000	187370286250000.0	0.6283574028793308	3.882998565327973	6.779537444168105e-13
0.0000000000000000	-3.000000000000000	190344417777777.8	0.6562520506652098	3.814811877937675	6.779537444168105e-13
0.0000000000000000	-3.000000000000000	193414489032258.1	0.6789604989034740	3.794656209896275	6.779537444168105e-13
0.0000000000000000	-3.000000000000000	196585218360655.8	0.6696901748659850	3.747312240358962	6.779537444168105e-13
0.0000000000000000	-3.000000000000000	199861638666666.7	0.6215571101765603	3.506271359329133	6.779537444168105e-13
0.0000000000000000	0.0000000000000000	187370286250000.0	0.6363791476041392	4.104803932230684	6.784743554895001e-13
0.0000000000000000	0.0000000000000000	190344417777777.8	0.6641022574368387	4.029851918267827	6.784743554895001e-13
0.0000000000000000	0.0000000000000000	193414489032258.1	0.6814019976401481	3.997739622124478	6.784743554895001e-13
0.0000000000000000	0.0000000000000000	196585218360655.8	0.6664628940439062	3.934372848779681	6.784743554895001e-13
0.0000000000000000	0.0000000000000000	199861638666666.7	0.6143964317956465	3.672822801215723	6.784743554895001e-13
0.0000000000000000	3.000000000000000	187370286250000.0	0.6429013534386601	4.317913495928583	6.780775322027828e-13
0.0000000000000000	3.000000000000000	190344417777777.8	0.6689168317727425	4.249189856085746	6.780775322027828e-13
0.0000000000000000	3.000000000000000	193414489032258.1	0.6824234229687725	4.224136716881754	6.780775322027828e-13
0.0000000000000000	3.000000000000000	196585218360655.8	0.6636724570219829	4.161963395481770	6.780775322027828e-13
0.0000000000000000	3.000000000000000	199861638666666.7	0.6090703161580271	3.899294166116633	6.780775322027828e-13
3.000000000000000	-3.000000000000000	187370286250000.0	0.6360454717637973	1.167932519333821	6.790089456448589e-13
3.000000000000000	-3.000000000000000	190344417777777.8	0.6646921004939019	1.093686429006937	6.790089456448589e-13
3.000000000000000	-3.000000000000000	193414489032258.1	0.6802693529574085	1.066681028016421	6.790089456448589e-13
3.000000000000000	-3.000000000000000	196585218360655.8	0.6605133863708915	0.9967117951342672	6.790089456448589e-13
3.000000000000000	-3.000000000000000	199861638666666.7	0.6078393653777810	0.7294592473488635	6.790089456448589e-13
3.000000000000000	0.0000000000000000	187370286250000.0	0.6434566587236216	1.334014204013524	6.780548980086717e-13
3.000000000000000	0.0000000000000000	190344417777777.8	0.6702237817264313	1.277491517532480	6.780548980086717e-13
3.000000000000000	0.0000000000000000	193414489032258.1	0.6805134794493655	1.268172637736896	6.780548980086717e-13
3.000000000000000	0.0000000000000000	196585218360655.8	0.6563897001096990	1.210898607831664	6.780548980086717e-13
3.000000000000000	0.0000000000000000	199861638666666.7	0.6000003831882970	0.9527256095281338	6.780548980086717e-13
3.000000000000000	3.000000000000000	187370286250000.0	0.6496605825173200	1.548080877906045	6.776075175852311e-13
3.000000000000000	3.000000000000000	190344417777777.8	0.6747286780100982	1.499273883420676	6.776075175852311e-13
3.000000000000000	3.000000000000000	193414489032258.1	0.6800389872273828	1.496305604771014	6.776075175852311e-13
3.000000000000000	3.000000000000000	196585218360655.8	0.6519162052133219	1.441506586067788	6.776075175852311e-13
3.000000000000000	3.000000000000000	199861638666666.7	0.5926641893711274	1.182205907408125	6.776075175852311e-13
("opt_2","TE",1,"opt_1",1,"transmission","delta_height;delta_width")
(45,6)
-3.000000000000000	-3.000000000000000	187370286250000.0	0.6120550678562440	4.910678670877214	6.761052989252887e-13
-3.000000000000000	-3.000000000000000	190344417777777.8	0.6399333372639220	4.828699606292625	6.761052989252887e-13
-3.000000000000000	-3.000000000000000	193414489032258.1	0.6706564644305947	4.782662757941495	6.761052989252887e-13
-3.000000000000000	-3.000000000000000	196585218360655.8	0.6787261472088894	4.712869279533031	6.761052989252887e-13
-3.000000000000000	-3.000000000000000	199861638666666.7	0.6516177204390478	4.471093428905601	6.761052989252887e-13
-3.000000000000000	0.0000000000000000	187370286250000.0	0.6203455650397232	5.103323741265037	6.759107154083046e-13
-3.000000000000000	0.0000000000000000	190344417777777.8	0.6473265257766612	5.022841517081766	6.759107154083046e-13
-3.000000000000000	0.0000000000000000	193414489032258.1	0.6754980283763407	4.981439012359564	6.759107154083046e-13
-3.000000000000000	0.0000000000000000	196585218360655.8	0.6781642552619329	4.912888058663897	6.759107154083046e-13
-3.000000000000000	0.0000000000000000	199861638666666.7	0.6464469003757456	4.668300310223131	6.759107154083046e-13
-3.000000000000000	3.000000000000000	187370286250000.0	0.6310990134631752	5.346934105606056	6.757125085037427e-13
-3.000000000000000	3.000000000000000	190344417777777.8	0.6571825787052209	5.269871927390014	6.757125085037427e-13
-3.000000000000000	3.000000000000000	193414489032258.1	0.6806230966780700	5.236120525748373	6.757125085037427e-13
-3.000000000000000	3.000000000000000	196585218360655.8	0.6744218027553293	5.169381470987169	6.757125085037427e-13
-3.000000000000000	3.000000000000000	199861638666666.7	0.6332240690371422	4.921677734963293	6.757125085037427e-13
0.0000000000000000	-3.000000000000000	187370286250000.0	0.6283235127515027	3.883004414111426	6.779521627834014e-13
0.0000000000000000	-3.000000000000000	190344417777777.8	0.6562358592267419	3.814814377287853	6.779521627834014e-13
0.0000000000000000	-3.000000000000000	193414489032258.1	0.6789557265398763	3.794661277364727	6.779521627834014e-13
0.0000000000000000	-3.000000000000000	196585218360655.8	0.6696782599449292	3.747335689592482	6.779521627834014e-13
0.0000000000000000	-3.000000000000000	199861638666666.7	0.6215391941131484	3.506327522525535	6.779521627834014e-13
0.0000000000000000	0.0000000000000000	187370286250000.0	0.6363378648425988	4.104789470451365	6.784727079898926e-13
0.0000000000000000	0.0000000000000000	190344417777777.8	0.6640843884187323	4.029844541892871	6.784727079898926e-13
0.0000000000000000	0.0000000000000000	193414489032258.1	0.6813967849638276	3.997739964169122	6.784727079898926e-13
0.0000000000000000	0.0000000000000000	196585218360655.8	0.6664515501794660	3.934392461477801	6.784727079898926e-13
0.0000000000000000	0.0000000000000000	199861638666666.7	0.6143804786697039	3.672873790461491	6.784727079898926e-13
0.0000000000000000	3.000000000000000	187370286250000.0	0.6428563360360212	4.317892401732237	6.780761767461799e-13
0.0000000000000000	3.000000000000000	190344417777777.8	0.6688972810203812	4.249178861786810	6.780761767461799e-13
0.0000000000000000	3.000000000000000	193414489032258.1	0.6824178067672454	4.224132948432681	6.780761767461799e-13
0.0000000000000000	3.000000000000000	196585218360655.8	0.6636635420942891	4.161972597697838	6.780761767461799e-13
0.0000000000000000	3.000000000000000	199861638666666.7	0.6090582543323619	3.899326825261824	6.780761767461799e-13
3.000000000000000	-3.000000000000000	187370286250000.0	0.6360221014747448	1.167991415833558	6.790088973388069e-13
3.000000000000000	-3.000000000000000	190344417777777.8	0.6646837140970798	1.093707226847931	6.790088973388069e-13
3.000000000000000	-3.000000000000000	193414489032258.1	0.6802643723312313	1.066680431056158	6.790088973388069e-13
3.000000000000000	-3.000000000000000	196585218360655.8	0.6604979989673208	0.9967063263103828	6.790088973388069e-13
3.000000000000000	-3.000000000000000	199861638666666.7	0.6078215818136918	0.7294562812359260	6.790088973388069e-13
3.000000000000000	0.0000000000000000	187370286250000.0	0.6434263222462248	1.334049477800374	6.780546028405739e-13
3.000000000000000	0.0000000000000000	190344417777777.8	0.6702133296300499	1.277500520441432	6.780546028405739e-13
3.000000000000000	0.0000000000000000	193414489032258.1	0.6805083779907586	1.268169047515988	6.780546028405739e-13
3.000000000000000	0.0000000000000000	196585218360655.8	0.6563751842048884	1.210892161607728	6.780546028405739e-13
3.000000000000000	0.0000000000000000	199861638666666.7	0.5999844103536855	0.9527245117088761	6.780546028405739e-13
3.000000000000000	3.000000000000000	187370286250000.0	0.6496262718836124	1.548089155434848	6.776069139397148e-13
3.000000000000000	3.000000000000000	190344417777777.8	0.6747178404881431	1.499270383525033	6.776069139397148e-13
3.000000000000000	3.000000000000000	193414489032258.1	0.6800331964273588	1.496298452585231	6.776069139397148e-13
3.000000000000000	3.000000000000000	196585218360655.8	0.6519036910181955	1.441500794830455	6.776069139397148e-13
3.000000000000000	3.000000000000000	199861638666666.7	0.5926515052451835	1.182210107214093	6.776069139397148e-13
("opt_2","TE",1,"opt_2",1,"transmission","delta_height;delta_width")
(45,6)
-3.000000000000000	-3.000000000000000	187370286250000.0	0.1155682129719469	0.8939853952730132	1.056559015602999e-12
-3.000000000000000	-3.000000000000000	190344417777777.8	0.07228829402930290	0.9330632326026880	1.056559015602999e-12
-3.000000000000000	-3.000000000000000	193414489032258.1	0.05158948541321386	1.124669293879962	1.056559015602999e-12
-3.000000000000000	-3.000000000000000	196585218360655.8	0.02844697119246004	0.8654258894702096	1.056559015602999e-12
-3.000000000000000	-3.000000000000000	199861638666666.7	0.03017031804933169	0.3174223532704872	1.056559015602999e-12
-3.000000000000000	0.0000000000000000	187370286250000.0	0.1063776533024547	6.049856248705197	1.022183532476364e-12
-3.000000000000000	0.0000000000000000	190344417777777.8	0.06138965728846323	6.736983014225196	1.022183532476364e-12
-3.000000000000000	0.0000000000000000	193414489032258.1	0.03784859504661942	7.547163985102960	1.022183532476364e-12
-3.000000000000000	0.0000000000000000	196585218360655.8	0.02342196586768465	7.896232005437092	1.022183532476364e-12
-3.000000000000000	0.0000000000000000	199861638666666.7	0.02305997715357093	8.282904361917744	1.022183532476364e-12
-3.000000000000000	3.000000000000000	187370286250000.0	0.09707054567110676	5.660244736024971	1.005566115086470e-12
-3.000000000000000	3.000000000000000	190344417777777.8	0.05483698257062196	6.654055394836355	1.005566115086470e-12
-3.000000000000000	3.000000000000000	193414489032258.1	0.03054908611255643	7.688249045094039	1.005566115086470e-12
-3.000000000000000	3.000000000000000	196585218360655.8	0.02262624122845820	8.324415633766641	1.005566115086470e-12
-3.000000000000000	3.000000000000000	199861638666666.7	0.02272209159880047	9.227508205339362	1.005566115086470e-12
0.0000000000000000	-3.000000000000000	187370286250000.0	0.09162748465957743	3.099863488291241	1.065827942430328e-12
0.0000000000000000	-3.000000000000000	190344417777777.8	0.05978405339403110	3.188657725267824	1.065827942430328e-12
0.0000000000000000	-3.000000000000000	193414489032258.1	0.03840684798077138	3.121694240079008	1.065827942430328e-12
0.0000000000000000	-3.000000000000000	196585218360655.8	0.02635006444736670	2.599853518614314	1.065827942430328e-12
0.0000000000000000	-3.000000000000000	199861638666666.7	0.02726291864366259	2.362982353590979	1.065827942430328e-12
0.0000000000000000	0.0000000000000000	187370286250000.0	0.08401048747229788	3.357915773428715	1.068221882793397e-12
0.0000000000000000	0.0000000000000000	190344417777777.8	0.04826882412721337	3.433734759302908	1.068221882793397e-12
0.0000000000000000	0.0000000000000000	193414489032258.1	0.02995541190878658	3.280640350954954	1.068221882793397e-12
0.0000000000000000	0.0000000000000000	196585218360655.8	0.02291342412012674	2.744566944350439	1.068221882793397e-12
0.0000000000000000	0.0000000000000000	199861638666666.7	0.02460027566974387	2.464294898963495	1.068221882793397e-12
0.0000000000000000	3.000000000000000	187370286250000.0	0.07666666607071958	3.248318598468487	1.059845003187978e-12
0.0000000000000000	3.000000000000000	190344417777777.8	0.03908227548282461	3.469259781490532	1.059845003187978e-12
0.0000000000000000	3.000000000000000	193414489032258.1	0.02436309716921314	3.423235679393428	1.059845003187978e-12
0.0000000000000000	3.000000000000000	196585218360655.8	0.02104457397264413	3.051947282773220	1.059845003187978e-12
0.0000000000000000	3.000000000000000	199861638666666.7	0.02295587119235618	3.037504590930595	1.059845003187978e-12
3.000000000000000	-3.000000000000000	187370286250000.0	0.08927514618117041	4.739794542808568	9.630851323074546e-13
3.000000000000000	-3.000000000000000	190344417777777.8	0.05027907546543071	6.646200990649977	9.630851323074546e-13
3.000000000000000	-3.000000000000000	193414489032258.1	0.02623640418576598	8.580281875176984	9.630851323074546e-13
3.000000000000000	-3.000000000000000	196585218360655.8	0.02580111019910759	10.22830577065157	9.630851323074546e-13
3.000000000000000	-3.000000000000000	199861638666666.7	0.02653680434951607	12.26297651739720	9.630851323074546e-13
3.000000000000000	0.0000000000000000	187370286250000.0	0.07861714958412559	4.326491897191268	9.478180804569479e-13
3.000000000000000	0.0000000000000000	190344417777777.8	0.04039190687471458	6.550737703061909	9.478180804569479e-13
3.000000000000000	0.0000000000000000	193414489032258.1	0.02080750539836830	8.642178169947224	9.478180804569479e-13
3.000000000000000	0.0000000000000000	196585218360655.8	0.02358605690028075	10.66405616059888	9.478180804569479e-13
3.000000000000000	0.0000000000000000	199861638666666.7	0.02410988721931576	13.10735047811122	9.478180804569479e-13
3.000000000000000	3.000000000000000	187370286250000.0	0.07426603949459594	4.701673194098561	9.525949149626408e-13
3.000000000000000	3.000000000000000	190344417777777.8	0.03268950949376063	6.846059050370172	9.525949149626408e-13
3.000000000000000	3.000000000000000	193414489032258.1	0.01795800429212187	8.754672519588526	9.525949149626408e-13
3.000000000000000	3.000000000000000	196585218360655.8	0.02228554620919377	10.76701476178518	9.525949149626408e-13
3.000000000000000	3.000000000000000	199861638666666.7	0.02543693776464209	13.09500674538251	9.525949149626408e-13
("opt_2","TE",1,"opt_3",1,"transmission","delta_height;delta_width")
(45,6)
-3.000000000000000	-3.000000000000000	187370286250000.0	0.1256985934833030	4.023350885908130	1.057391512509542e-12
-3.000000000000000	-3.000000000000000	190344417777777.8	0.07942664930159807	4.053564613387561	1.057391512509542e-12
-3.000000000000000	-3.000000000000000	193414489032258.1	0.05673295579423708	4.277455685886599	1.057391512509542e-12
-3.000000000000000	-3.000000000000000	196585218360655.8	0.02726540283464942	4.137575087274111	1.057391512509542e-12
-3.000000000000000	-3.000000000000000	199861638666666.7	0.01711665135840905	3.493331958991583	1.057391512509542e-12
-3.000000000000000	0.0000000000000000	187370286250000.0	0.1163353596498853	3.089278375957896	1.027891592157174e-12
-3.000000000000000	0.0000000000000000	190344417777777.8	0.06773219665898529	3.665367502607037	1.027891592157174e-12
-3.000000000000000	0.0000000000000000	193414489032258.1	0.04180149031195372	4.437381982329990	1.027891592157174e-12
-3.000000000000000	0.0000000000000000	196585218360655.8	0.02020138524675168	4.753430692438581	1.027891592157174e-12
-3.000000000000000	0.0000000000000000	199861638666666.7	0.007436360195175615	4.952587619691684	1.027891592157174e-12
-3.000000000000000	3.000000000000000	187370286250000.0	0.1057174649993833	2.048618434782540	9.938482659320496e-13
-3.000000000000000	3.000000000000000	190344417777777.8	0.06044965418025029	3.243394625450112	9.938482659320496e-13
-3.000000000000000	3.000000000000000	193414489032258.1	0.03245564376485608	4.588471446282572	9.938482659320496e-13
-3.000000000000000	3.000000000000000	196585218360655.8	0.01625268150940977	5.527423504805679	9.938482659320496e-13
-3.000000000000000	3.000000000000000	199861638666666.7	0.005740853742029916	5.849085376586658	9.938482659320496e-13
0.0000000000000000	-3.000000000000000	187370286250000.0	0.09915919301784261	0.1615473857552061	1.072239312891943e-12
0.0000000000000000	-3.000000000000000	190344417777777.8	0.06803873755013244	0.1088266742581325	1.072239312891943e-12
0.0000000000000000	-3.000000000000000	193414489032258.1	0.03903124383655171	0.01264963499175131	1.072239312891943e-12
0.0000000000000000	-3.000000000000000	196585218360655.8	0.01965786298573598	-0.5823497326016742	1.072239312891943e-12
0.0000000000000000	-3.000000000000000	199861638666666.7	0.008839165196506267	-1.344840293852009	1.072239312891943e-12
0.0000000000000000	0.0000000000000000	187370286250000.0	0.09120667974879441	0.8204022159710860	1.085102468245631e-12
0.0000000000000000	0.0000000000000000	190344417777777.8	0.05510186922961434	0.5692963870387935	1.085102468245631e-12
0.0000000000000000	0.0000000000000000	193414489032258.1	0.02961502093088648	0.1845656133470557	1.085102468245631e-12
0.0000000000000000	0.0000000000000000	196585218360655.8	0.01438933383848679	-0.6031800401978202	1.085102468245631e-12
0.0000000000000000	0.0000000000000000	199861638666666.7	0.006141594460696486	-2.220604144920969	1.085102468245631e-12
0.0000000000000000	3.000000000000000	187370286250000.0	0.08371414274929247	0.3604693799889773	1.067478999861800e-12
0.0000000000000000	3.000000000000000	190344417777777.8	0.04608697147920458	0.4421964591898728	1.067478999861800e-12
0.0000000000000000	3.000000000000000	193414489032258.1	0.02267674128254858	0.3343129558161025	1.067478999861800e-12
0.0000000000000000	3.000000000000000	196585218360655.8	0.01049569066724394	-0.1500501073603431	1.067478999861800e-12
0.0000000000000000	3.000000000000000	199861638666666.7	0.006156255437954573	-1.882355154217976	1.067478999861800e-12
3.000000000000000	-3.000000000000000	187370286250000.0	0.09591115292848017	1.855104408628442	9.702945475843750e-13
3.000000000000000	-3.000000000000000	190344417777777.8	0.05723626402093512	3.647553776871916	9.702945475843750e-13
3.000000000000000	-3.000000000000000	193414489032258.1	0.02680167403709516	5.504021550322326	9.702945475843750e-13
3.000000000000000	-3.000000000000000	196585218360655.8	0.01729445507663006	7.085971999799852	9.702945475843750e-13
3.000000000000000	-3.000000000000000	199861638666666.7	0.009144705576372172	8.137240651517715	9.702945475843750e-13
3.000000000000000	0.0000000000000000	187370286250000.0	0.08428023680495020	2.310383162807433	9.778286661575610e-13
3.000000000000000	0.0000000000000000	190344417777777.8	0.04667312486022360	4.004414107109913	9.778286661575610e-13
3.000000000000000	0.0000000000000000	193414489032258.1	0.02036278591787344	5.599697675788256	9.778286661575610e-13
3.000000000000000	0.0000000000000000	196585218360655.8	0.01230963189042795	7.020995646408032	9.778286661575610e-13
3.000000000000000	0.0000000000000000	199861638666666.7	0.007073326503492767	7.568660074198050	9.778286661575610e-13
3.000000000000000	3.000000000000000	187370286250000.0	0.07904050324712349	2.360701471770881	9.740908032877721e-13
3.000000000000000	3.000000000000000	190344417777777.8	0.03778478110086968	4.157740697340284	9.740908032877721e-13
3.000000000000000	3.000000000000000	193414489032258.1	0.01507018588901827	5.701263883709951	9.740908032877721e-13
3.000000000000000	3.000000000000000	196585218360655.8	0.008490970782739053	7.142643942703625	9.740908032877721e-13
3.000000000000000	3.000000000000000	199861638666666.7	0.009318997181551344	7.768989331079354	9.740908032877721e-13
("opt_3","TE",1,"opt_1",1,"transmission","delta_height;delta_width")
(45,6)
-3.000000000000000	-3.000000000000000	187370286250000.0	0.6120958708528916	4.910658302295790	6.761063461956055e-13
-3.000000000000000	-3.000000000000000	190344417777777.8	0.6399640124162541	4.828670600816366	6.761063461956055e-13
-3.000000000000000	-3.000000000000000	193414489032258.1	0.6706658588862437	4.782644873370645	6.761063461956055e-13
-3.000000000000000	-3.000000000000000	196585218360655.8	0.6787330059854425	4.712850217776603	6.761063461956055e-13
-3.000000000000000	-3.000000000000000	199861638666666.7	0.6516335382843639	4.471061682843185	6.761063461956055e-13
-3.000000000000000	0.0000000000000000	187370286250000.0	0.6203940407946821	5.103310525131956	6.759115351088818e-13
-3.000000000000000	0.0000000000000000	190344417777777.8	0.6473614669002894	5.022823566681842	6.759115351088818e-13
-3.000000000000000	0.0000000000000000	193414489032258.1	0.6755086266176930	4.981427482800518	6.759115351088818e-13
-3.000000000000000	0.0000000000000000	196585218360655.8	0.6781711988558595	4.912877733910349	6.759115351088818e-13
-3.000000000000000	0.0000000000000000	199861638666666.7	0.6464609077888703	4.668284106301670	6.759115351088818e-13
-3.000000000000000	3.000000000000000	187370286250000.0	0.6311535464978141	5.346937668274336	6.757131946753877e-13
-3.000000000000000	3.000000000000000	190344417777777.8	0.6572174494813099	5.269870022296177	6.757131946753877e-13
-3.000000000000000	3.000000000000000	193414489032258.1	0.6806322732677088	5.236116291753696	6.757131946753877e-13
-3.000000000000000	3.000000000000000	196585218360655.8	0.6744274700890939	5.169379495618593	6.757131946753877e-13
-3.000000000000000	3.000000000000000	199861638666666.7	0.6332344393475114	4.921674055022095	6.757131946753877e-13
0.0000000000000000	-3.000000000000000	187370286250000.0	0.6283573860465754	3.882998566771953	6.779537444523008e-13
0.0000000000000000	-3.000000000000000	190344417777777.8	0.6562521121640179	3.814811878878379	6.779537444523008e-13
0.0000000000000000	-3.000000000000000	193414489032258.1	0.6789604495518197	3.794656210143684	6.779537444523008e-13
0.0000000000000000	-3.000000000000000	196585218360655.8	0.6696901749353721	3.747312239684499	6.779537444523008e-13
0.0000000000000000	-3.000000000000000	199861638666666.7	0.6215571100634029	3.506271357810306	6.779537444523008e-13
0.0000000000000000	0.0000000000000000	187370286250000.0	0.6363792322627045	4.104803933937578	6.784743555263316e-13
0.0000000000000000	0.0000000000000000	190344417777777.8	0.6641024584064763	4.029851918564246	6.784743555263316e-13
0.0000000000000000	0.0000000000000000	193414489032258.1	0.6814023575768967	3.997739621969929	6.784743555263316e-13
0.0000000000000000	0.0000000000000000	196585218360655.8	0.6664628194296612	3.934372847933757	6.784743555263316e-13
0.0000000000000000	0.0000000000000000	199861638666666.7	0.6143962022447261	3.672822799327530	6.784743555263316e-13
0.0000000000000000	3.000000000000000	187370286250000.0	0.6429013672201136	4.317913495690338	6.780775322096784e-13
0.0000000000000000	3.000000000000000	190344417777777.8	0.6689166228055028	4.249189856843572	6.780775322096784e-13
0.0000000000000000	3.000000000000000	193414489032258.1	0.6824232067711888	4.224136716975414	6.780775322096784e-13
0.0000000000000000	3.000000000000000	196585218360655.8	0.6636729410814008	4.161963396186172	6.780775322096784e-13
0.0000000000000000	3.000000000000000	199861638666666.7	0.6090703160809501	3.899294166183122	6.780775322096784e-13
3.000000000000000	-3.000000000000000	187370286250000.0	0.6360454900339807	1.167932517929902	6.790089456170572e-13
3.000000000000000	-3.000000000000000	190344417777777.8	0.6646921513879889	1.093686428306974	6.790089456170572e-13
3.000000000000000	-3.000000000000000	193414489032258.1	0.6802689349960476	1.066681027992161	6.790089456170572e-13
3.000000000000000	-3.000000000000000	196585218360655.8	0.6605133864878507	0.9967117957466520	6.790089456170572e-13
3.000000000000000	-3.000000000000000	199861638666666.7	0.6078393653866326	0.7294592484975411	6.790089456170572e-13
3.000000000000000	0.0000000000000000	187370286250000.0	0.6434566376118024	1.334014205410263	6.780548980401606e-13
3.000000000000000	0.0000000000000000	190344417777777.8	0.6702236690730928	1.277491518384386	6.780548980401606e-13
3.000000000000000	0.0000000000000000	193414489032258.1	0.6805137311093249	1.268172637777476	6.780548980401606e-13
3.000000000000000	0.0000000000000000	196585218360655.8	0.6563897001093971	1.210898607204232	6.780548980401606e-13
3.000000000000000	0.0000000000000000	199861638666666.7	0.6000003831883470	0.9527256082523259	6.780548980401606e-13
3.000000000000000	3.000000000000000	187370286250000.0	0.6496605946708564	1.548080877879663	6.776075175739375e-13
3.000000000000000	3.000000000000000	190344417777777.8	0.6747284865377966	1.499273883474277	6.776075175739375e-13
3.000000000000000	3.000000000000000	193414489032258.1	0.6800385234572618	1.496305604626165	6.776075175739375e-13
3.000000000000000	3.000000000000000	196585218360655.8	0.6519159932376737	1.441506585882154	6.776075175739375e-13
3.000000000000000	3.000000000000000	199861638666666.7	0.5926641893705726	1.182205907866003	6.776075175739375e-13
("opt_3","TE",1,"opt_2",1,"transmission","delta_height;delta_width")
(45,6)
-3.000000000000000	-3.000000000000000	187370286250000.0	0.1256985809107038	4.023350885281729	1.057391512504773e-12
-3.000000000000000	-3.000000000000000	190344417777777.8	0.07942665515374875	4.053564613365978	1.057391512504773e-12
-3.000000000000000	-3.000000000000000	193414489032258.1	0.05673295137163990	4.277455685736447	1.057391512504773e-12
-3.000000000000000	-3.000000000000000	196585218360655.8	0.02726542491615945	4.137575088901556	1.057391512504773e-12
-3.000000000000000	-3.000000000000000	199861638666666.7	0.01711665135841814	3.493331959191927	1.057391512504773e-12
-3.000000000000000	0.0000000000000000	187370286250000.0	0.1163353511793323	3.089278376348396	1.027891592164754e-12
-3.000000000000000	0.0000000000000000	190344417777777.8	0.06773216853431718	3.665367503437309	1.027891592164754e-12
-3.000000000000000	0.0000000000000000	193414489032258.1	0.04180149500026951	4.437381982404850	1.027891592164754e-12
-3.000000000000000	0.0000000000000000	196585218360655.8	0.02020141195421666	4.753430696853869	1.027891592164754e-12
-3.000000000000000	0.0000000000000000	199861638666666.7	0.007436360195099738	4.952587619416427	1.027891592164754e-12
-3.000000000000000	3.000000000000000	187370286250000.0	0.1057174571650088	2.048618434644794	9.938482659382583e-13
-3.000000000000000	3.000000000000000	190344417777777.8	0.06044964692159465	3.243394625244466	9.938482659382583e-13
-3.000000000000000	3.000000000000000	193414489032258.1	0.03245562721170889	4.588471444705652	9.938482659382583e-13
-3.000000000000000	3.000000000000000	196585218360655.8	0.01625269941055512	5.527423509316577	9.938482659382583e-13
-3.000000000000000	3.000000000000000	199861638666666.7	0.005740853762853840	5.849085369266660	9.938482659382583e-13
0.0000000000000000	-3.000000000000000	187370286250000.0	0.09915918774834788	0.1615473934454528	1.072239313106026e-12
0.0000000000000000	-3.000000000000000	190344417777777.8	0.06803875030762402	0.1088266801740616	1.072239313106026e-12
0.0000000000000000	-3.000000000000000	193414489032258.1	0.03903123826726161	0.01264963653970801	1.072239313106026e-12
0.0000000000000000	-3.000000000000000	196585218360655.8	0.01965786297270473	-0.5823497341949988	1.072239313106026e-12
0.0000000000000000	-3.000000000000000	199861638666666.7	0.008839165191277299	-1.344840302724364	1.072239313106026e-12
0.0000000000000000	0.0000000000000000	187370286250000.0	0.09120670436552485	0.8204022303837633	1.085102468626349e-12
0.0000000000000000	0.0000000000000000	190344417777777.8	0.05510190254439907	0.5692963952270702	1.085102468626349e-12
0.0000000000000000	0.0000000000000000	193414489032258.1	0.02961505216393998	0.1845656178305669	1.085102468626349e-12
0.0000000000000000	0.0000000000000000	196585218360655.8	0.01438933063414207	-0.6031800474531401	1.085102468626349e-12
0.0000000000000000	0.0000000000000000	199861638666666.7	0.006141589826532442	-2.220604164850904	1.085102468626349e-12
0.0000000000000000	3.000000000000000	187370286250000.0	0.08371414607767863	0.3604693689117582	1.067478999598062e-12
0.0000000000000000	3.000000000000000	190344417777777.8	0.04608694274076881	0.4421964540921408	1.067478999598062e-12
0.0000000000000000	3.000000000000000	193414489032258.1	0.02267672696447698	0.3343129523757525	1.067478999598062e-12
0.0000000000000000	3.000000000000000	196585218360655.8	0.01049570589364335	-0.1500501069536391	1.067478999598062e-12
0.0000000000000000	3.000000000000000	199861638666666.7	0.006156255427439247	-1.882355144338078	1.067478999598062e-12
3.000000000000000	-3.000000000000000	187370286250000.0	0.09591115815268508	1.855104420914799	9.702945479081512e-13
3.000000000000000	-3.000000000000000	190344417777777.8	0.05723627276774836	3.647553782888970	9.702945479081512e-13
3.000000000000000	-3.000000000000000	193414489032258.1	0.02680164112518554	5.504021547283718	9.702945479081512e-13
3.000000000000000	-3.000000000000000	196585218360655.8	0.01729445504765406	7.085971996389855	9.702945479081512e-13
3.000000000000000	-3.000000000000000	199861638666666.7	0.009144705576105182	8.137240638472733	9.702945479081512e-13
3.000000000000000	0.0000000000000000	187370286250000.0	0.08428023127668845	2.310383143923794	9.778286656415087e-13
3.000000000000000	0.0000000000000000	190344417777777.8	0.04667310918852900	4.004414097435770	9.778286656415087e-13
3.000000000000000	0.0000000000000000	193414489032258.1	0.02036280085067666	5.599697677889941	9.778286656415087e-13
3.000000000000000	0.0000000000000000	196585218360655.8	0.01230963189043385	7.020995656700343	9.778286656415087e-13
3.000000000000000	0.0000000000000000	199861638666666.7	0.007073326503402847	7.568660095103844	9.778286656415087e-13
3.000000000000000	3.000000000000000	187370286250000.0	0.07904050635406795	2.360701480135191	9.740908034530586e-13
3.000000000000000	3.000000000000000	190344417777777.8	0.03778475964907335	4.157740700654969	9.740908034530586e-13
3.000000000000000	3.000000000000000	193414489032258.1	0.01507016531422590	5.701263881052403	9.740908034530586e-13
3.000000000000000	3.000000000000000	196585218360655.8	0.008490965269906893	7.142643933835885	9.740908034530586e-13
3.000000000000000	3.000000000000000	199861638666666.7	0.009318997181626917	7.768989324401019	9.740908034530586e-13
("opt_3","TE",1,"opt_3",1,"transmission","delta_height;delta_width")
(45,6)
-3.000000000000000	-3.000000000000000	187370286250000.0	0.1155917109017331	0.8932591801582248	1.056540392220770e-12
-3.000000000000000	-3.000000000000000	190344417777777.8	0.07231272885122608	0.9326929543955380	1.056540392220770e-12
-3.000000000000000	-3.000000000000000	193414489032258.1	0.05158797392151610	1.124894892195801	1.056540392220770e-12
-3.000000000000000	-3.000000000000000	196585218360655.8	0.02844137507920544	0.8658920020169489	1.056540392220770e-12
-3.000000000000000	-3.000000000000000	199861638666666.7	0.03016770519383943	0.3181663537686887	1.056540392220770e-12
-3.000000000000000	0.0000000000000000	187370286250000.0	0.1063991416478531	6.048651502104896	1.022151259016718e-12
-3.000000000000000	0.0000000000000000	190344417777777.8	0.06141024408700270	6.736465036146086	1.022151259016718e-12
-3.000000000000000	0.0000000000000000	193414489032258.1	0.03784300080814217	7.547358583968694	1.022151259016718e-12
-3.000000000000000	0.0000000000000000	196585218360655.8	0.02341633923749811	7.896938080235920	1.022151259016718e-12
-3.000000000000000	0.0000000000000000	199861638666666.7	0.02305719415813413	8.284232853909756	1.022151259016718e-12
-3.000000000000000	3.000000000000000	187370286250000.0	0.09708847199321853	5.658797106117298	1.005526262024760e-12
-3.000000000000000	3.000000000000000	190344417777777.8	0.05484833106402920	6.653502639867465	1.005526262024760e-12
-3.000000000000000	3.000000000000000	193414489032258.1	0.03054096530332359	7.688301825572825	1.005526262024760e-12
-3.000000000000000	3.000000000000000	196585218360655.8	0.02262173273225837	8.325225755151219	1.005526262024760e-12
-3.000000000000000	3.000000000000000	199861638666666.7	0.02271988644675992	9.229178516653107	1.005526262024760e-12
0.0000000000000000	-3.000000000000000	187370286250000.0	0.09164635082134587	3.099339517308309	1.065815861379722e-12
0.0000000000000000	-3.000000000000000	190344417777777.8	0.05979636362474107	3.188564136589658	1.065815861379722e-12
0.0000000000000000	-3.000000000000000	193414489032258.1	0.03839554629042068	3.121927671195847	1.065815861379722e-12
0.0000000000000000	-3.000000000000000	196585218360655.8	0.02634518429359152	2.600109243073206	1.065815861379722e-12
0.0000000000000000	-3.000000000000000	199861638666666.7	0.02726527624972151	2.363522911650655	1.065815861379722e-12
0.0000000000000000	0.0000000000000000	187370286250000.0	0.08403351689819141	3.357403520098401	1.068208921844344e-12
0.0000000000000000	0.0000000000000000	190344417777777.8	0.04827529550225300	3.433730461021831	1.068208921844344e-12
0.0000000000000000	0.0000000000000000	193414489032258.1	0.02994540577187816	3.280788950319502	1.068208921844344e-12
0.0000000000000000	0.0000000000000000	196585218360655.8	0.02290944284446162	2.744767763007474	1.068208921844344e-12
0.0000000000000000	0.0000000000000000	199861638666666.7	0.02460232092404009	2.464881296221996	1.068208921844344e-12
0.0000000000000000	3.000000000000000	187370286250000.0	0.07669178243777411	3.248145692109709	1.059839082180760e-12
0.0000000000000000	3.000000000000000	190344417777777.8	0.03908424372041594	3.469456336958920	1.059839082180760e-12
0.0000000000000000	3.000000000000000	193414489032258.1	0.02435442941268589	3.423300220882983	1.059839082180760e-12
0.0000000000000000	3.000000000000000	196585218360655.8	0.02104137480377025	3.051976078776427	1.059839082180760e-12
0.0000000000000000	3.000000000000000	199861638666666.7	0.02295736543445481	3.037808683841938	1.059839082180760e-12
3.000000000000000	-3.000000000000000	187370286250000.0	0.08929469200029627	4.738226603324271	9.630486022093893e-13
3.000000000000000	-3.000000000000000	190344417777777.8	0.05028487831781558	6.645629274366250	9.630486022093893e-13
3.000000000000000	-3.000000000000000	193414489032258.1	0.02623239186940516	8.580371486874814	9.630486022093893e-13
3.000000000000000	-3.000000000000000	196585218360655.8	0.02579659444553182	10.22912152452941	9.630486022093893e-13
3.000000000000000	-3.000000000000000	199861638666666.7	0.02653707230265895	12.26454284288491	9.630486022093893e-13
3.000000000000000	0.0000000000000000	187370286250000.0	0.07864051417652131	4.324902826985728	9.477789655980673e-13
3.000000000000000	0.0000000000000000	190344417777777.8	0.04039200526052036	6.550168611501174	9.477789655980673e-13
3.000000000000000	0.0000000000000000	193414489032258.1	0.02080386233309122	8.642199055914288	9.477789655980673e-13
3.000000000000000	0.0000000000000000	196585218360655.8	0.02358244308819538	10.66489602494081	9.477789655980673e-13
3.000000000000000	0.0000000000000000	199861638666666.7	0.02410984737539096	13.10905276339603	9.477789655980673e-13
3.000000000000000	3.000000000000000	187370286250000.0	0.07428956968477549	4.701046387319366	9.525771847904259e-13
3.000000000000000	3.000000000000000	190344417777777.8	0.03268462807879266	6.845889713388800	9.525771847904259e-13
3.000000000000000	3.000000000000000	193414489032258.1	0.01795488537720267	8.754679868669163	9.525771847904259e-13
3.000000000000000	3.000000000000000	196585218360655.8	0.02228293464014629	10.76741530266486	9.525771847904259e-13
3.000000000000000	3.000000000000000	199861638666666.7	0.02543699279882427	13.09586025556296	9.525771847904259e-13
