["opt_1","LEFT"]
["opt_2","RIGHT"]
["opt_3","RIGHT"]
("opt_1","TM",2,"opt_1",2,"transmission",9.86786e-13)
(11,3)
187370286250000.0	0.1234487858704001	4.465007385042910
188548715723270.4	0.1100028517987610	3.688445659064822
189742062025316.5	0.04002443384032983	2.625853676740931
190950610191082.8	0.1159758560019323	1.409492238778133
192174652564102.6	0.08557129426289860	0.5086197565240997
193414489032258.1	0.06800938622313350	3.250636826018420
194670427272727.3	0.1165005073290987	4.277390274024851
195942783006535.9	0.08044380947743897	5.368651849905220
197231880263157.9	0.04041826941606678	7.147798590879390
198538051655629.2	0.03926809494450972	9.556459979300506
199861638666666.7	0.03090761243514022	12.68501792003362
("opt_1","TM",2,"opt_2",2,"transmission",6.78187e-13)
(11,3)
187370286250000.0	0.3651299591285351	3.034730798945510
188548715723270.4	0.4429959710666396	2.949127551166686
189742062025316.5	0.4577099428750964	2.853250895442562
190950610191082.8	0.4903890518681828	2.813714233761756
192174652564102.6	0.4232829824931723	2.733069993155344
193414489032258.1	0.3783435923472219	2.906820333886946
194670427272727.3	0.3537054988037094	3.065762474589338
195942783006535.9	0.3525838517951044	3.179805452742690
197231880263157.9	0.3857177580508389	3.286284718744000
198538051655629.2	0.4286987858206819	3.498555620376848
199861638666666.7	0.4449927722397122	3.777765903577663
("opt_1","TM",2,"opt_3",2,"transmission",6.78227e-13)
(11,3)
187370286250000.0	0.3649526417744212	3.035017223373963
188548715723270.4	0.4427371529250230	2.949423084960635
189742062025316.5	0.4573064381117078	2.854061449672615
190950610191082.8	0.4902924843150533	2.814567678666865
192174652564102.6	0.4231759384369086	2.733738632562445
193414489032258.1	0.3785017388841946	2.907191567083102
194670427272727.3	0.3539333016416397	3.065510572468377
195942783006535.9	0.3528615107406057	3.178823865631546
197231880263157.9	0.3859354967499852	3.284709086023128
198538051655629.2	0.4287521130376637	3.496542774181538
199861638666666.7	0.4448649301282948	3.775601375664007
("opt_2","TM",2,"opt_1",2,"transmission",6.78187e-13)
(11,3)
187370286250000.0	0.3651299591294622	3.034730798946541
188548715723270.4	0.4429959710659129	2.949127551167805
189742062025316.5	0.4577099428726473	2.853250895443230
190950610191082.8	0.4903890518696446	2.813714233762564
192174652564102.6	0.4232829824868875	2.733069993156346
193414489032258.1	0.3783435923522483	2.906820333887070
194670427272727.3	0.3537054987876628	3.065762474589197
195942783006535.9	0.3525838518179362	3.179805452741810
197231880263157.9	0.3857177580597037	3.286284718742866
198538051655629.2	0.4286987857989832	3.498555620375679
199861638666666.7	0.4449927722559424	3.777765903576515
("opt_2","TM",2,"opt_2",2,"transmission",1.19228e-12)
(11,3)
187370286250000.0	0.06049219850978573	5.373209089947053
188548715723270.4	0.04031189377533512	3.451963121959977
189742062025316.5	0.03947823008364803	5.349775556951926
190950610191082.8	0.07615233738843491	3.911579844145269
192174652564102.6	0.05888159112258171	6.737981030579363
193414489032258.1	0.09364861070687278	5.686216913016839
194670427272727.3	0.1408114249941341	5.051346094985927
195942783006535.9	0.1063514331853288	4.419279261403130
197231880263157.9	0.09597239497338554	4.409902261147963
198538051655629.2	0.1337060612723293	3.876371215524337
199861638666666.7	0.1117739886573906	3.226776549440849
("opt_2","TM",2,"opt_3",2,"transmission",1.09911e-12)
(11,3)
187370286250000.0	0.02678178322981994	1.259923196806334
188548715723270.4	0.06302547826532426	1.697680596099055
189742062025316.5	0.07315908859982392	0.7734660533685620
190950610191082.8	0.02262174655243682	2.909973608155742
192174652564102.6	0.1621360271482942	2.525211314149388
193414489032258.1	0.1312645139985925	2.655981390260175
194670427272727.3	0.1519795848464979	2.982195952481840
195942783006535.9	0.1309314627954916	3.110110631530318
197231880263157.9	0.1296338264417077	3.703148396728047
198538051655629.2	0.1569960060316045	4.081699021848948
199861638666666.7	0.1178993582468885	4.432519394330534
("opt_3","TM",2,"opt_1",2,"transmission",6.78227e-13)
(11,3)
187370286250000.0	0.3649526417736441	3.035017223372027
188548715723270.4	0.4427371529258660	2.949423084959694
189742062025316.5	0.4573064381142017	2.854061449672148
190950610191082.8	0.4902924843135044	2.814567678666092
192174652564102.6	0.4231759384431742	2.733738632561530
193414489032258.1	0.3785017388790867	2.907191567083084
194670427272727.3	0.3539333016576314	3.065510572468324
195942783006535.9	0.3528615107177243	3.178823865632204
197231880263157.9	0.3859354967411255	3.284709086024362
198538051655629.2	0.4287521130594375	3.496542774182533
199861638666666.7	0.4448649301121217	3.775601375664827
("opt_3","TM",2,"opt_2",2,"transmission",1.09911e-12)
(11,3)
187370286250000.0	0.02678178322966914	1.259923196801395
188548715723270.4	0.06302547826559572	1.697680596095168
189742062025316.5	0.07315908860075132	0.7734660533665014
190950610191082.8	0.02262174655234930	2.909973608158726
192174652564102.6	0.1621360271532213	2.525211314148496
193414489032258.1	0.1312645139951573	2.655981390260845
194670427272727.3	0.1519795848598362	2.982195952483151
195942783006535.9	0.1309314627781471	3.110110631533878
197231880263157.9	0.1296338264358238	3.703148396727642
198538051655629.2	0.1569960060477206	4.081699021854597
199861638666666.7	0.1178993582380681	4.432519394338293
("opt_3","TM",2,"opt_3",2,"transmission",1.19132e-12)
(11,3)
187370286250000.0	0.06058472617668726	5.342880728342081
188548715723270.4	0.04055429493548841	3.429793422725666
189742062025316.5	0.03912952971186635	5.323841904385095
190950610191082.8	0.07620843506364269	3.897356096378502
192174652564102.6	0.05886610998312906	6.734293948163931
193414489032258.1	0.09388261977906558	5.688988362729335
194670427272727.3	0.1409918939531965	5.057602315822930
195942783006535.9	0.1063177572211235	4.434702866445399
197231880263157.9	0.09610301916473889	4.432133311523806
198538051655629.2	0.1336632033591230	3.906247033707977
199861638666666.7	0.1117738648040712	3.265661113252875
